4600,'4614',1050,,2201,18,0,11,0,286,,2204,18,0,11,0,305,,2200,18,0,11,0
4600,'5439',1050,,1649,18,0,11,0,286,,1652,18,0,11,0,305,,1648,18,0,11,0
4600,'5444',839,,2212,18,0,11,0,308,,2211,18,0,11,0,357,,2208,18,0,11,0,155,,2209,18,0,11,0
4600,'5446',1050,,2217,18,0,11,0,286,,2220,18,0,11,0,305,,2216,18,0,11,0
4600,'5449',839,,2228,18,0,11,0,308,,2227,18,0,11,0,357,,2224,18,0,11,0,155,,2225,18,0,11,0
4601,'4614',959,,2236,9,,,0,286,,2237,9,,,0,304,,2231,9,,,0
4601,'5439',959,,1680,9,,,0,286,,1681,9,,,0,304,,1675,9,,,0
4601,'5444',1056,,2244,9,,,0,356,,2241,9,,,0,195,,2242,9,,,0
4601,'5446',959,,2253,9,,,0,286,,2254,9,,,0,304,,2248,9,,,0
4601,'5449',1056,,2261,9,,,0,356,,2258,9,,,0,195,,2259,9,,,0
