4101,'4614',744,,2049,2,,,0,92,,2051,2,,,0,384,,2052,2,,,0,215,,2050,2,,,0,166,,2053,2,,,0,143,,2054,2,,,0
4101,'5439',744,,1514,2,,,0,92,,1516,2,,,0,384,,1517,2,,,0,215,,1515,2,,,0,166,,1518,2,,,0,143,,1519,2,,,0
4101,'5444',851,,2057,2,,,0,387,,2055,2,,,0,388,,2056,2,,,0
4101,'5446',744,,2058,2,,,0,92,,2060,2,,,0,384,,2061,2,,,0,215,,2059,2,,,0,166,,2062,2,,,0,143,,2063,2,,,0
4101,'5449',851,,2066,2,,,0,387,,2064,2,,,0,388,,2065,2,,,0
4300,'4614',731,,2082,2,0,17 1 18,0,123,,2085,2,0,17 1 18,0,97,,2081,2,,,0,153,,2086,2,0,17 1 18,0,104,,2083,2,,,0,140,,2087,2,,,0,53,,2091,2,0,17 1 18,0,103,,2090,2,,,0,35,,2088,2,,,0,179,,2084,2,,,0,124,,2089,2,,,0
4300,'4619',2122,,2092,2,,,0
4300,'5439',731,,1548,2,0,17 1 18,0,123,,1551,2,0,17 1 18,0,97,,1547,2,,,0,153,,1552,2,0,17 1 18,0,104,,1549,2,,,0,140,,1553,2,,,0,53,,1557,2,0,17 1 18,0,111,,1556,2,,,0,27,,1554,2,,,0,179,,1550,2,,,0,124,,1555,2,,,0
4300,'5443',2122,,1546,2,,,0
4300,'5444',851,,2099,2,,,0,201,,2093,2,,,0,203,,2094,2,0,17 1 18,0,149,,2095,2,,,0,142,,2096,2,,,0,167,,2097,2,,,0,128,,2098,2,,,0
4300,'5446',731,,2101,2,0,17 1 18,0,123,,2104,2,0,17 1 18,0,97,,2100,2,,,0,153,,2105,2,0,17 1 18,0,104,,2102,2,,,0,140,,2106,2,,,0,53,,2110,2,0,17 1 18,0,111,,2109,2,,,0,27,,2107,2,,,0,179,,2103,2,,,0,124,,2108,2,,,0
4300,'5448',2122,,2111,2,,,0
4300,'5449',851,,2118,2,,,0,201,,2112,2,,,0,203,,2113,2,0,17 1 18,0,149,,2114,2,,,0,142,,2115,2,,,0,167,,2116,2,,,0,128,,2117,2,,,0
4401,'4614',701,,2153,2,0,21,0,30,,2164,2,0,21,0,79,,2155,2,0,21,0,146,,2156,2,0,22 23 16,0,162,,2157,2,0,21,0,86,,2163,2,0,22 23 16,0,152,,2154,2,0,21,0,148,,2160,2,0,21,0,151,,2158,2,0,22 23 16,0,58,,2159,2,0,21,0,88,,2162,2,0,21,0
4401,'4619',1956,,2165,2,0,22 23 16,0
4401,'5439',701,,1608,2,0,21,0,30,,1619,2,0,21,0,79,,1610,2,0,21,0,146,,1611,2,0,22 23 16,0,162,,1612,2,0,21,0,86,,1618,2,0,22 23 16,0,152,,1609,2,0,21,0,148,,1615,2,0,21,0,151,,1613,2,0,22 23 16,0,58,,1614,2,0,21,0,88,,1617,2,0,21,0
4401,'5443',1956,,1607,2,0,22 23 16,0
4401,'5444',823,,2168,2,0,21,0,196,,2170,2,0,21,0,139,,2169,2,0,21,0,360,,2166,2,0,21,0,127,,2167,2,0,21,0
4401,'5446',701,,2171,2,0,21,0,30,,2182,2,0,21,0,79,,2173,2,0,21,0,146,,2174,2,0,22 23 16,0,162,,2175,2,0,21,0,86,,2181,2,0,22 23 16,0,152,,2172,2,0,21,0,148,,2178,2,0,21,0,151,,2176,2,0,22 23 16,0,58,,2177,2,0,21,0,88,,2180,2,0,21,0
4401,'5448',1956,,2183,2,0,22 23 16,0
4401,'5449',823,,2186,2,0,21,0,196,,2188,2,0,21,0,139,,2187,2,0,21,0,360,,2184,2,0,21,0,127,,2185,2,0,21,0
4500,'4614',557,,2190,2,,,0,75,,2192,2,,,0,876,,2189,2,,,0
4500,'5439',557,,1630,2,,,0,75,,1632,2,,,0,876,,1629,2,,,0
4500,'5446',557,,2194,2,,,0,75,,2196,2,,,0,876,,2193,2,,,0
4600,'4614',821,,2202,20,,,0
4601,'4614',551,,2234,2,,,0,178,,2235,2,,,0,112,,2229,2,,,0,109,,2236,2,,,0,151,,2238,2,,,0,135,,2237,2,,,0,117,,2230,2,,,0,75,,2233,2,,,0,111,,2231,2,,,0,173,,2232,2,,,0,144,,2239,2,,,0
4601,'4619',2022,,2240,2,,,0
4601,'5439',551,,1678,2,,,0,178,,1679,2,,,0,112,,1673,2,,,0,109,,1680,2,,,0,151,,1682,2,,,0,135,,1681,2,,,0,117,,1674,2,,,0,75,,1677,2,,,0,111,,1675,2,,,0,173,,1676,2,,,0,144,,1683,2,,,0
4601,'5443',2022,,1672,2,,,0
4601,'5444',748,,2245,2,,,0,300,,2244,2,,,0,356,,2241,2,,,0,155,,2242,2,,,0,282,,2243,2,,,0
4601,'5446',551,,2251,2,,,0,178,,2252,2,,,0,112,,2246,2,,,0,109,,2253,2,,,0,151,,2255,2,,,0,135,,2254,2,,,0,117,,2247,2,,,0,75,,2250,2,,,0,111,,2248,2,,,0,173,,2249,2,,,0,144,,2256,2,,,0
4601,'5448',2022,,2257,2,,,0
4601,'5449',748,,2262,2,,,0,300,,2261,2,,,0,356,,2258,2,,,0,155,,2259,2,,,0,282,,2260,2,,,0
9800,'4614',606,,2270,2,,,0,46,,2266,2,,,0,157,,2269,2,,,0,141,,2267,2,,,0,256,,2264,2,0,7 8 2 9 2 10,0,303,,2265,2,0,7 8 2 9 2 10,0,108,,2268,2,0,7 8 2 9 2 10,0,93,,2263,2,,,0
9800,'4619',1833,,2271,2,,,0
9800,'5439',606,,1788,2,,,0,46,,1784,2,,,0,157,,1787,2,,,0,141,,1785,2,,,0,256,,1782,2,0,7 8 2 9 2 10,0,303,,1783,2,0,7 8 2 9 2 10,0,108,,1786,2,0,7 8 2 9 2 10,0,93,,1781,2,,,0
9800,'5443',1833,,1780,2,,,0
9800,'5444',850,,2274,2,,,0,384,,2272,2,,,0,478,,2273,2,,,0
9800,'5446',606,,2282,2,,,0,46,,2278,2,,,0,157,,2281,2,,,0,141,,2279,2,,,0,256,,2276,2,0,7 8 2 9 2 10,0,303,,2277,2,0,7 8 2 9 2 10,0,108,,2280,2,0,7 8 2 9 2 10,0,93,,2275,2,,,0
9800,'5448',1833,,2283,2,,,0
9800,'5449',850,,2286,2,,,0,384,,2284,2,,,0,478,,2285,2,,,0
9801,'4614',823,,2288,25,,,0
9801,'5439',823,,1806,25,,,0
9801,'5446',823,,2304,25,,,0
24004300,'4614',523,,2322,2,,,0,95,,2320,2,,,0,33,,2319,2,,,0,171,,2321,2,,,0
24004300,'5439',523,,1890,2,,,0,95,,1888,2,,,0,33,,1887,2,,,0,171,,1889,2,,,0
24004300,'5444',724,,2323,2,,,0
24004300,'5446',523,,2327,2,,,0,95,,2325,2,,,0,33,,2324,2,,,0,171,,2326,2,,,0
24004300,'5449',724,,2328,2,,,0
