3400,'4614',649,,2021,4,,,0,92,,2022,4,,,0,109,,2020,4,,,0,262,,2019,4,,,0,234,,2018,4,,,0,161,,2017,4,,,0,32,,2016,4,,,0,105,,2015,4,,,0,90,,2013,4,,,0,104,,2014,4,,,0
3400,'5439',649,,1493,4,,,0,92,,1494,4,,,0,109,,1492,4,,,0,262,,1491,4,,,0,234,,1490,4,,,0,161,,1489,4,,,0,32,,1488,4,,,0,105,,1487,4,,,0,90,,1485,4,,,0,94,,1486,4,,,0
3400,'5444',918,,2024,4,,,0,126,,2023,4,,,0,365,,2025,4,,,0
3400,'5446',649,,2034,4,,,0,92,,2035,4,,,0,109,,2033,4,,,0,262,,2032,4,,,0,234,,2031,4,,,0,161,,2030,4,,,0,32,,2029,4,,,0,105,,2028,4,,,0,90,,2026,4,,,0,104,,2027,4,,,0
3400,'5449',918,,2037,4,,,0,126,,2036,4,,,0,365,,2038,4,,,0
9801,'4614',658,,2292,8,0,11,0,88,,2288,8,0,7 8 2 11 2 10,0,160,,2293,8,0,7 8 2 11 2 10,0,139,,2291,8,0,11,0,262,,2287,8,0,7 8 2 11 2 10,0,312,,2289,8,0,11,0,100,,2294,8,0,11,0,88,,2290,8,0,11,0
9801,'4619',1922,,2298,8,0,11,0
9801,'5439',658,,1810,8,0,11,0,88,,1806,8,0,7 8 2 11 2 10,0,160,,1811,8,0,7 8 2 11 2 10,0,139,,1809,8,0,11,0,262,,1805,8,0,7 8 2 11 2 10,0,312,,1807,8,0,11,0,100,,1812,8,0,11,0,88,,1808,8,0,11,0
9801,'5443',1922,,1804,8,0,11,0
9801,'5444',944,,2301,8,0,11,0,384,,2299,8,0,11,0,478,,2300,8,0,11,0
9801,'5446',658,,2308,8,0,11,0,88,,2304,8,0,7 8 2 11 2 10,0,160,,2309,8,0,7 8 2 11 2 10,0,139,,2307,8,0,11,0,262,,2303,8,0,7 8 2 11 2 10,0,312,,2305,8,0,11,0,100,,2310,8,0,11,0,88,,2306,8,0,11,0
9801,'5448',1922,,2314,8,0,11,0
9801,'5449',944,,2317,8,0,11,0,384,,2315,8,0,11,0,478,,2316,8,0,11,0
