301,'4614',630,,1187,14,0,28 29,0,102,,1186,14,0,28 29,0,69,,1183,14,0,28 29,0,11,,1184,14,0,13,0,39,,1188,14,0,13,0,60,,1198,14,0,28 29,0,40,,1189,14,0,28 29,0,100,,1190,14,0,13,0,100,,1191,14,0,13,0,108,,1192,14,0,28 29,0,95,,1193,14,0,13,0,89,,1194,14,0,13,0,104,,1196,14,0,13,0,111,,1197,14,0,13,0,168,,1195,14,0,13,0
301,'4616',825,,1222,14,0,28 29,0,75,,1224,14,0,28 29,0,136,,1223,14,0,28 29,0,90,,1226,14,0,28 29,0,115,,1225,14,0,28 29,0,160,,1227,14,0,28 29,0,120,,1228,14,0,28 29,0,35,,1229,14,0,28 29,0,303,,1230,14,0,28 29,0
301,'4619',1631,,1199,14,0,13,0,101,,1200,14,0,13,0,193,,1201,14,0,28 29,0,115,,1202,14,0,28 29,0,115,,1203,14,0,28 29,0,145,,1204,14,0,28 29,0
301,'4623',1631,,1205,14,0,13,0,101,,1206,14,0,13,0,193,,1207,14,0,28 29,0,115,,1208,14,0,28 29,0,115,,1209,14,0,28 29,0,145,,1210,14,0,28 29,0
301,'4931',1631,,1211,14,0,13,0,101,,1212,14,0,13,0,193,,1213,14,0,28 29,0,115,,1214,14,0,28 29,0,115,,1215,14,0,28 29,0
301,'5087',630,,1217,14,0,28 29,0,102,,1216,14,0,28 29,0,69,,1250,14,0,28 29,0,11,,1251,14,0,13,0,39,,1218,14,0,13,0,60,,1261,14,0,28 29,0,40,,1253,14,0,28 29,0,100,,1254,14,0,13,0,100,,1255,14,0,13,0,108,,1256,14,0,28 29,0,95,,1257,14,0,13,0,89,,1258,14,0,13,0,104,,1259,14,0,13,0,111,,1260,14,0,13,0,168,,1219,14,0,13,0
301,'5088',1631,,1262,14,0,13,0,101,,1263,14,0,13,0,193,,1264,14,0,28 29,0,115,,1265,14,0,28 29,0,115,,1266,14,0,28 29,0
301,'5274',1021,,1220,14,0,28 29,0
301,'5276',1021,,1221,14,0,28 29,0
301,'5291',1021,,1231,14,0,28 29,0
301,'5295',1021,,1232,14,0,28 29,0
