1000,'4614',931,,1289,46,,,0,500,,1291,46,,,0,269,,1290,46,,,0,231,,1292,46,,,0,195,,1293,46,,,0
1000,'4616',1111,,1300,46,,,0,500,,1301,46,,,0,325,,1302,46,,,0
1000,'5087',931,,1306,46,,,0,500,,1295,46,,,0,269,,1294,46,,,0,231,,1296,46,,,0,195,,1297,46,,,0
1000,'5274',1251,,1298,46,,,0
1000,'5276',1251,,1299,46,,,0
1000,'5291',1251,,1303,46,,,0
1000,'5295',1251,,1304,46,,,0
7600,'5281',1045,,1749,37,,,0
7600,'5294',1045,,1755,37,,,0
24001000,'4614',644,,1870,33,,,0,105,,1872,33,,,0,1004,,1871,41,,,0
24001000,'4616',742,,1873,33,,,0
24001000,'5087',644,,1877,33,,,0,105,,1879,33,,,0,1004,,1878,41,,,0
