201,'4614',641,,1104,28,,,0,72,,1105,29,,,0,142,,1101,29,,,0,77,,1106,30,,,0,69,,1107,30,,,0,103,,1108,32,,,0,28,,1109,30,,,0,107,,1110,32,,,0,96,,1111,30,,,0,106,,1112,32,,,0,18,,1113,30,,,0,176,,1115,32,,,0,295,,1116,30,,,0
201,'4616',838,,1148,30,,,0,114,,1139,30,,,0,153,,1140,32,,,0,118,,1141,30,,,0,116,,1142,32,,,0,117,,1143,30,,,0,200,,1144,32,,,0,145,,1145,30,,,0,41,,1146,30,,,0,112,,1147,30,,,0
201,'4619',1608,,1117,30,,,0,105,,1118,30,,,0,97,,1119,30,,,0,208,,1120,30,,,0,115,,1121,30,,,0,109,,1122,28,,,0
201,'4931',1608,,1129,30,,,0,105,,1130,30,,,0,97,,1131,30,,,0,208,,1132,30,,,0,115,,1133,30,,,0
201,'5291',1739,,1149,30,,,0
201,'5295',1739,,1150,30,,,0
400,'4614',1254,,1267,3,,,0,165,,1268,3,,,0
400,'4616',1513,,1272,3,,,0
400,'4619',1513,,1269,3,,,0
400,'4931',1513,,1271,3,,,0
1001,'4614',738,,1307,44,,,0,105,,1311,44,,,0,188,,1308,44,,,0,503,,1312,44,,,0,271,,1309,44,,,0,48,,1310,44,,,0,179,,1313,44,,,0
1001,'4616',839,,1319,44,,,0,378,,1320,44,,,0,816,,1321,44,,,0
1001,'5291',1354,,1322,44,,,0
1001,'5295',1354,,1323,44,,,0
7201,'5291',716,,1741,2,0,36,0,525,,1740,2,,,0,470,,1742,2,,,0
7400,'5292',1609,,1744,2,,,0
7601,'5294',939,,1767,35,4,,0
24001001,'4614',2207,,1880,30,,,0
24001001,'4616',1659,,1882,30,,,0
