4301,'4614',1055,,2125,8,,,0,258,,2119,8,,,0,138,,2121,8,,,0,169,,2127,8,,,0,200,,2126,8,,,0,124,,2128,8,,,0
4301,'5439',1055,,1583,8,,,0,258,,1577,8,,,0,138,,1579,8,,,0,169,,1585,8,,,0,200,,1584,8,,,0,124,,1586,8,,,0
4301,'5444',813,,2135,8,,,0,141,,2134,8,,,0,201,,2131,8,,,0,352,,2133,8,,,0
4301,'5446',1055,,2142,8,,,0,258,,2136,8,,,0,138,,2138,8,,,0,169,,2144,8,,,0,200,,2143,8,,,0,124,,2145,8,,,0
4301,'5449',813,,2152,8,,,0,141,,2151,8,,,0,201,,2148,8,,,0,352,,2150,8,,,0
24004301,'4614',611,,2333,8,,,0,95,,2330,8,,,0,35,,2331,8,,,0,172,,2332,8,,,0,728,,2329,8,,,0
24004301,'5439',611,,1903,8,,,0,95,,1900,8,,,0,35,,1901,8,,,0,172,,1902,8,,,0,728,,1899,8,,,0
24004301,'5444',1648,,2336,8,,,0,166,,2335,8,,,0,127,,2337,8,,,0
24004301,'5446',611,,2342,8,,,0,95,,2339,8,,,0,35,,2340,8,,,0,172,,2341,8,,,0,728,,2338,8,,,0
24004301,'5449',1648,,2345,8,,,0,166,,2344,8,,,0,127,,2346,8,,,0
