2001,'4614',500,,1367,8,,,0,220,,1368,8,,,0,319,,1369,8,,,0,573,,1370,8,,,0,127,,1371,8,,,0
2001,'4616',533,,1380,8,,,0,492,,1381,8,,,0,490,,1378,8,,,0
2001,'5087',500,,1372,8,,,0,220,,1373,8,,,0,319,,1385,8,,,0,573,,1374,8,,,0,127,,1375,8,,,0
2001,'5274',745,,1376,8,0,24 25,0
2001,'5276',745,,1377,8,0,24 25,0
2001,'5291',745,,1382,8,0,24 25,0
2001,'5295',745,,1383,8,0,24 25,0
7400,'5278',1624,,1743,11,,,0
7400,'5292',1624,,1744,11,,,0
9901,'4614',610,,1844,8,,,0,91,,1845,8,,,0,114,,1846,8,,,0,141,,1847,8,,,0,259,,1848,8,,,0,310,,1849,8,,,0,105,,1850,8,,,0,88,,1851,8,,,0
9901,'4616',858,,1855,8,,,0,383,,1856,8,,,0,475,,1857,8,,,0
9901,'5087',610,,1863,8,,,0,91,,1864,8,,,0,114,,1852,8,,,0,141,,1853,8,,,0,259,,1865,8,,,0,310,,1866,8,,,0,105,,1854,8,,,0,88,,1867,8,,,0
