4101,'4614',753,,2049,10,,,0,92,,2051,10,,,0,384,,2052,10,,,0,215,,2050,10,,,0,167,,2053,10,,,0,142,,2054,10,,,0
4101,'5439',753,,1514,10,,,0,92,,1516,10,,,0,384,,1517,10,,,0,215,,1515,10,,,0,167,,1518,10,,,0,142,,1519,10,,,0
4101,'5444',900,,2057,10,,,0,347,,2055,10,,,0,388,,2056,10,,,0
4101,'5446',753,,2058,10,,,0,92,,2060,10,,,0,384,,2061,10,,,0,215,,2059,10,,,0,167,,2062,10,,,0,142,,2063,10,,,0
4101,'5449',900,,2066,10,,,0,347,,2064,10,,,0,388,,2065,10,,,0
4500,'4614',618,,2190,13,,,0,27,,2191,19,,,0,8,,2192,13,,,0,876,,2189,13,,,0
4500,'5439',618,,1630,13,,,0,27,,1631,19,,,0,8,,1632,13,,,0,876,,1629,13,,,0
4500,'5446',618,,2194,13,,,0,27,,2195,19,,,0,8,,2196,13,,,0,876,,2193,13,,,0
4600,'4614',817,,2202,17,,,0,120,,2197,17,0,11,0,118,,2201,22,0,11,0,103,,2205,17,0,11,0,183,,2204,22,0,11,0,109,,2198,17,0,11,0,77,,2199,17,0,11,0,119,,2200,22,0,11,0,163,,2203,17,0,11,0,141,,2206,17,0,11,0
4600,'4619',2116,,2207,17,0,11,0
4600,'5439',817,,1650,17,0,11,0,120,,1645,17,0,11,0,118,,1649,22,0,11,0,103,,1653,17,0,11,0,183,,1652,22,0,11,0,109,,1646,17,0,11,0,77,,1647,17,0,11,0,119,,1648,22,0,11,0,163,,1651,17,0,11,0,141,,1654,17,0,11,0
4600,'5443',2116,,1644,17,0,11,0
4600,'5444',844,,2212,22,0,11,0,308,,2211,22,0,11,0,357,,2208,22,0,11,0,195,,2209,22,0,11,0,224,,2210,8,4,,0
4600,'5446',817,,2218,17,0,11,0,120,,2213,17,0,11,0,118,,2217,22,0,11,0,103,,2221,17,0,11,0,183,,2220,22,0,11,0,109,,2214,17,0,11,0,77,,2215,17,0,11,0,119,,2216,22,0,11,0,163,,2219,17,0,11,0,141,,2222,17,0,11,0
4600,'5448',2116,,2223,17,0,11,0
4600,'5449',844,,2228,22,0,11,0,308,,2227,22,0,11,0,357,,2224,22,0,11,0,195,,2225,22,0,11,0,225,,2226,8,0,11,0
9801,'4614',548,,2296,6,0,11,0,109,,2295,6,0,11,0,68,,2292,19,0,11,0,95,,2288,22,0,7 8 2 11 2 10,0,118,,2293,22,0,7 8 2 11 2 10,0,174,,2291,19,0,11,0,229,,2287,22,0,7 8 2 11 2 10,0,118,,2297,6,0,11,0,189,,2289,19,0,11,0,99,,2294,19,0,11,0,88,,2290,19,0,11,0
9801,'4619',1949,,2298,19,0,11,0
9801,'5439',548,,1814,6,0,11,0,109,,1813,6,0,11,0,68,,1810,19,0,11,0,95,,1806,22,0,7 8 2 11 2 10,0,118,,1811,22,0,7 8 2 11 2 10,0,174,,1809,19,0,11,0,229,,1805,22,0,7 8 2 11 2 10,0,118,,1815,6,0,11,0,189,,1807,19,0,11,0,99,,1812,19,0,11,0,88,,1808,19,0,11,0
9801,'5443',1949,,1804,19,0,11,0
9801,'5444',743,,2302,6,0,11,0,269,,2301,19,0,11,0,344,,2299,19,0,11,0,478,,2300,19,0,11,0
9801,'5446',548,,2312,6,0,11,0,109,,2311,6,0,11,0,68,,2308,19,0,11,0,95,,2304,22,0,7 8 2 11 2 10,0,118,,2309,22,0,7 8 2 11 2 10,0,174,,2307,19,0,11,0,229,,2303,22,0,7 8 2 11 2 10,0,118,,2313,6,0,11,0,189,,2305,19,0,11,0,99,,2310,19,0,11,0,88,,2306,19,0,11,0
9801,'5448',1949,,2314,19,0,11,0
9801,'5449',743,,2318,6,0,11,0,269,,2317,19,0,11,0,344,,2315,19,0,11,0,478,,2316,19,0,11,0
