3300,'4614',833,,1980,3,,,0,68,,1979,3,,,0,232,,1978,3,,,0,289,,1977,3,,,0,191,,1975,3,,,0,20,,1976,3,,,0
3300,'5439',833,,1454,3,,,0,68,,1453,3,,,0,232,,1452,3,,,0,289,,1451,3,,,0,191,,1449,3,,,0,20,,1450,3,,,0
3300,'5444',1125,,1981,3,,,0,325,,1982,3,,,0,158,,1983,3,,,0
3300,'5446',833,,1989,3,,,0,68,,1988,3,,,0,232,,1987,3,,,0,289,,1986,3,,,0,191,,1984,3,,,0,20,,1985,3,,,0
3300,'5449',1125,,1990,3,,,0,325,,1991,3,,,0,158,,1992,3,,,0
3601,'4614',743,,2041,3,,,0,798,,2039,3,0,5 6,0
3601,'5439',743,,1503,3,,,0,798,,1501,3,0,5 6,0
3601,'5446',743,,2044,3,,,0,798,,2042,3,0,5 6,0
9801,'4614',651,,2292,3,0,11,0,88,,2288,3,0,7 8 2 11 2 10,0,120,,2293,3,0,7 8 2 11 2 10,0,179,,2291,3,0,11,0,262,,2287,3,0,7 8 2 11 2 10,0,312,,2289,3,0,11,0,100,,2294,3,0,11,0,88,,2290,3,0,11,0
9801,'4619',1915,,2298,3,0,11,0
9801,'5439',651,,1810,3,0,11,0,88,,1806,3,0,7 8 2 11 2 10,0,120,,1811,3,0,7 8 2 11 2 10,0,179,,1809,3,0,11,0,262,,1805,3,0,7 8 2 11 2 10,0,312,,1807,3,0,11,0,100,,1812,3,0,11,0,88,,1808,3,0,11,0
9801,'5443',1915,,1804,3,0,11,0
9801,'5444',937,,2301,3,0,11,0,384,,2299,3,0,11,0,438,,2300,3,0,11,0
9801,'5446',651,,2308,3,0,11,0,88,,2304,3,0,7 8 2 11 2 10,0,120,,2309,3,0,7 8 2 11 2 10,0,179,,2307,3,0,11,0,262,,2303,3,0,7 8 2 11 2 10,0,312,,2305,3,0,11,0,100,,2310,3,0,11,0,88,,2306,3,0,11,0
9801,'5448',1915,,2314,3,0,11,0
9801,'5449',937,,2317,3,0,11,0,384,,2315,3,0,11,0,438,,2316,3,0,11,0
9900,'4614',651,,1820,3,,,0,88,,1821,3,,,0,117,,1822,3,,,0,181,,1823,3,,,0,222,,1824,3,,,0,352,,1825,3,,,0,98,,1826,3,,,0,49,,1827,3,,,0
9900,'4616',939,,1831,3,,,0,384,,1832,3,,,0,479,,1833,3,,,0
9900,'5087',651,,1839,3,,,0,88,,1840,3,,,0,117,,1828,3,,,0,181,,1829,3,,,0,222,,1841,3,,,0,352,,1842,3,,,0,98,,1830,3,,,0,49,,1843,3,,,0
