4500,'4614',617,,2190,11,,,0,8,,2191,8,,,0,19,,2191,17,,,0,8,,2192,11,,,0,876,,2189,11,,,0
4500,'5439',617,,1630,11,,,0,8,,1631,8,,,0,19,,1631,17,,,0,8,,1632,11,,,0,876,,1629,11,,,0
4500,'5446',617,,2194,11,,,0,8,,2195,8,,,0,19,,2195,17,,,0,8,,2196,11,,,0,876,,2193,11,,,0
4600,'4614',815,,2202,15,0,11,0,120,,2197,15,0,11,0,119,,2201,20,0,11,0,102,,2205,15,0,11,0,184,,2204,20,0,11,0,108,,2198,15,0,11,0,77,,2199,15,0,11,0,120,,2200,20,0,11,0,162,,2203,15,0,11,0,142,,2206,15,0,11,0
4600,'4619',2115,,2207,15,0,11,0
4600,'5439',815,,1650,15,0,11,0,120,,1645,15,0,11,0,119,,1649,20,0,11,0,102,,1653,15,0,11,0,184,,1652,20,0,11,0,108,,1646,15,0,11,0,77,,1647,15,0,11,0,120,,1648,20,0,11,0,162,,1651,15,0,11,0,142,,1654,15,0,11,0
4600,'5443',2115,,1644,15,0,11,0
4600,'5444',843,,2212,20,0,11,0,308,,2211,20,0,11,0,357,,2208,20,0,11,0,195,,2209,20,0,11,0,224,,2210,6,0,11,0
4600,'5446',815,,2218,15,0,11,0,120,,2213,15,0,11,0,119,,2217,20,0,11,0,102,,2221,15,0,11,0,184,,2220,20,0,11,0,108,,2214,15,0,11,0,77,,2215,15,0,11,0,120,,2216,20,0,11,0,162,,2219,15,0,11,0,142,,2222,15,0,11,0
4600,'5448',2115,,2223,15,0,11,0
4600,'5449',843,,2228,20,0,11,0,308,,2227,20,0,11,0,357,,2224,20,0,11,0,195,,2225,20,0,11,0,225,,2226,6,0,11,0
