4500,'4614',621,,2191,5,,,0
4500,'5439',621,,1631,5,,,0
4500,'5446',621,,2195,5,,,0
4600,'4614',810,,2202,12,0,11,0,120,,2197,12,0,11,0,114,,2201,12,0,11,0,107,,2205,12,0,11,0,179,,2204,12,0,11,0,113,,2198,12,0,11,0,77,,2199,12,0,11,0,115,,2200,12,0,11,0,167,,2203,12,0,11,0,142,,2206,12,0,11,0
4600,'4619',2110,,2207,12,0,11,0
4600,'5439',810,,1650,12,0,11,0,120,,1645,12,0,11,0,114,,1649,12,0,11,0,107,,1653,12,0,11,0,179,,1652,12,0,11,0,113,,1646,12,0,11,0,77,,1647,12,0,11,0,115,,1648,12,0,11,0,167,,1651,12,0,11,0,142,,1654,12,0,11,0
4600,'5443',2110,,1644,12,0,11,0
4600,'5444',833,,2212,12,0,11,0,308,,2211,12,0,11,0,317,,2208,12,0,11,0,195,,2209,12,0,11,0
4600,'5446',810,,2218,12,0,11,0,120,,2213,12,0,11,0,114,,2217,12,0,11,0,107,,2221,12,0,11,0,179,,2220,12,0,11,0,113,,2214,12,0,11,0,77,,2215,12,0,11,0,115,,2216,12,0,11,0,167,,2219,12,0,11,0,142,,2222,12,0,11,0
4600,'5448',2110,,2223,12,0,11,0
4600,'5449',833,,2228,12,0,11,0,308,,2227,12,0,11,0,317,,2224,12,0,11,0,195,,2225,12,0,11,0
