1000,'4614',922,,1289,36,,,0,500,,1291,36,,,0,227,,1290,36,,,0,272,,1292,36,,,0,196,,1293,36,,,0
1000,'4616',1100,,1300,36,,,0,500,,1301,36,,,0,325,,1302,36,,,0
1000,'5087',922,,1306,36,,,0,500,,1295,36,,,0,227,,1294,36,,,0,272,,1296,36,,,0,196,,1297,36,,,0
1000,'5274',1242,,1298,36,,,0
1000,'5276',1242,,1299,36,,,0
1000,'5291',1242,,1303,36,,,0
1000,'5295',1242,,1304,36,,,0
7600,'5281',1036,,1749,28,,,0
7600,'5294',1036,,1755,28,,,0
24001000,'4614',636,,1870,24,,,0,105,,1872,24,,,0,1000,,1871,31,,,0
24001000,'4616',734,,1873,24,,,0
24001000,'5087',636,,1877,24,,,0,105,,1879,24,,,0,1000,,1878,31,,,0
