4301,'4614',1056,,2125,9,,,0,258,,2119,9,,,0,138,,2121,9,,,0,169,,2127,9,,,0,200,,2126,9,,,0,124,,2128,9,,,0
4301,'5439',1056,,1583,9,,,0,258,,1577,9,,,0,138,,1579,9,,,0,169,,1585,9,,,0,200,,1584,9,,,0,124,,1586,9,,,0
4301,'5444',814,,2135,9,,,0,141,,2134,9,,,0,201,,2131,9,,,0,352,,2133,9,,,0
4301,'5446',1056,,2142,9,,,0,258,,2136,9,,,0,138,,2138,9,,,0,169,,2144,9,,,0,200,,2143,9,,,0,124,,2145,9,,,0
4301,'5449',814,,2152,9,,,0,141,,2151,9,,,0,201,,2148,9,,,0,352,,2150,9,,,0
24004301,'4614',612,,2333,9,,,0,95,,2330,9,,,0,35,,2331,9,,,0,172,,2332,9,,,0,728,,2329,9,,,0
24004301,'5439',612,,1903,9,,,0,95,,1900,9,,,0,35,,1901,9,,,0,172,,1902,9,,,0,728,,1899,9,,,0
24004301,'5444',1649,,2336,9,,,0,166,,2335,9,,,0,127,,2337,9,,,0
24004301,'5446',612,,2342,9,,,0,95,,2339,9,,,0,35,,2340,9,,,0,172,,2341,9,,,0,728,,2338,9,,,0
24004301,'5449',1649,,2345,9,,,0,166,,2344,9,,,0,127,,2346,9,,,0
