4301,'4614',717,,2120,2,,,0,84,,2129,2,,,0,122,,2123,2,,,0,181,,2125,14,,,0,30,,2124,2,,,0,188,,2119,14,,,0,111,,2130,2,,,0,67,,2121,14,,,0,129,,2127,14,,,0,200,,2126,14,,,0,123,,2128,14,,,0
4301,'5439',717,,1578,2,,,0,84,,1587,2,,,0,122,,1581,2,,,0,181,,1583,14,,,0,30,,1582,2,,,0,188,,1577,14,,,0,111,,1588,2,,,0,67,,1579,14,,,0,129,,1585,14,,,0,200,,1584,14,,,0,123,,1586,14,,,0
4301,'5444',822,,2135,14,,,0,181,,2134,14,,,0,201,,2131,14,,,0,121,,2132,2,,,0,191,,2133,14,,,0
4301,'5446',717,,2137,2,,,0,84,,2146,2,,,0,122,,2140,2,,,0,181,,2142,14,,,0,30,,2141,2,,,0,188,,2136,14,,,0,111,,2147,2,,,0,67,,2138,14,,,0,129,,2144,14,,,0,200,,2143,14,,,0,123,,2145,14,,,0
4301,'5449',822,,2152,14,,,0,181,,2151,14,,,0,201,,2148,14,,,0,121,,2149,2,,,0,191,,2150,14,,,0
24004301,'4614',619,,2333,14,,,0,95,,2330,14,,,0,36,,2331,14,,,0,172,,2332,14,,,0,728,,2329,14,,,0
24004301,'4619',2210,,2334,10,,,0
24004301,'5439',619,,1903,14,,,0,95,,1900,14,,,0,36,,1901,14,,,0,172,,1902,14,,,0,728,,1899,14,,,0
24004301,'5443',2210,,1898,10,,,0
24004301,'5444',1657,,2336,14,,,0,166,,2335,14,,,0,127,,2337,14,,,0
24004301,'5446',619,,2342,14,,,0,95,,2339,14,,,0,36,,2340,14,,,0,172,,2341,14,,,0,728,,2338,14,,,0
24004301,'5448',2210,,2343,10,,,0
24004301,'5449',1657,,2345,14,,,0,166,,2344,14,,,0,127,,2346,14,,,0
