4600,'4614',755,,2202,1,0,11,0,160,,2197,1,0,11,0,114,,2201,1,0,11,0,107,,2205,1,0,11,0,179,,2204,1,0,11,0,113,,2198,1,0,11,0,77,,2199,1,0,11,0,115,,2200,1,0,11,0,127,,2203,1,0,11,0,182,,2206,1,0,11,0
4600,'4619',2055,,2207,1,0,11,0
4600,'4623',2055,,2223,1,0,11,0
4600,'5087',755,,2218,1,0,11,0,160,,2213,1,0,11,0,114,,2217,1,0,11,0,107,,2221,1,0,11,0,179,,2220,1,0,11,0,113,,2214,1,0,11,0,77,,2215,1,0,11,0,115,,2216,1,0,11,0,127,,2219,1,0,11,0,182,,2222,1,0,11,0
4600,'5449',818,,2228,1,0,11,0,308,,2227,1,0,11,0,317,,2224,1,0,11,0,195,,2225,1,0,11,0,276,,2226,1,0,11,0
4601,'4614',752,,2235,19,4,,0,160,,2229,27,4,,0,114,,2236,32,4,,0,107,,2238,27,4,,0,179,,2237,32,4,,0,113,,2230,27,4,,0,76,,2233,27,4,,0,116,,2231,32,4,,0,127,,2232,27,4,,0,183,,2239,27,4,,0
4601,'4619',2053,,2240,27,4,,0
4601,'4623',2053,,2257,27,4,,0
4601,'5087',752,,2252,19,4,,0,160,,2246,27,4,,0,114,,2253,32,4,,0,107,,2255,27,4,,0,179,,2254,32,4,,0,113,,2247,27,4,,0,76,,2250,27,4,,0,116,,2248,32,4,,0,127,,2249,27,4,,0,183,,2256,27,4,,0
4601,'5449',816,,2262,24,4,,0,308,,2261,32,4,,0,317,,2258,32,4,,0,195,,2259,32,4,,0,276,,2260,27,4,,0
