201,'4614',637,,1104,25,,,0,68,,1105,25,,,0,114,,1103,25,,,0,27,,1101,25,,,0,77,,1106,26,,,0,29,,1107,26,,,0,103,,1108,28,,,0,68,,1109,26,,,0,107,,1110,28,,,0,96,,1111,26,,,0,106,,1112,28,,,0,18,,1113,26,,,0,176,,1115,28,,,0,296,,1116,26,,,0
201,'4616',831,,1148,26,,,0,112,,1139,26,,,0,113,,1140,28,,,0,158,,1141,26,,,0,116,,1142,28,,,0,117,,1143,26,,,0,200,,1144,28,,,0,106,,1145,26,,,0,80,,1146,26,,,0,113,,1147,26,,,0
201,'4619',1559,,1117,26,,,0,145,,1118,26,,,0,98,,1119,26,,,0,208,,1120,26,,,0,115,,1121,26,,,0,113,,1122,25,,,0
201,'4931',1559,,1129,26,,,0,145,,1130,26,,,0,98,,1131,26,,,0,208,,1132,26,,,0,115,,1133,26,,,0
201,'5291',1730,,1149,26,,,0
201,'5295',1730,,1150,26,,,0
1001,'4614',730,,1307,40,,,0,105,,1311,40,,,0,187,,1308,40,,,0,503,,1312,40,,,0,231,,1309,40,,,0,89,,1310,40,,,0,179,,1313,40,,,0
1001,'4616',830,,1319,40,,,0,378,,1320,40,,,0,817,,1321,40,,,0
1001,'5291',1345,,1322,40,,,0
1001,'5295',1345,,1323,40,,,0
