1000,'4614',905,,1289,19,,,0,500,,1291,19,,,0,226,,1290,19,,,0,274,,1292,19,,,0,196,,1293,19,,,0
1000,'4616',1043,,1300,19,,,0,499,,1301,19,,,0,366,,1302,19,,,0
1000,'5087',905,,1306,19,,,0,500,,1295,19,,,0,226,,1294,19,,,0,274,,1296,19,,,0,196,,1297,19,,,0
1000,'5274',1225,,1298,19,,,0
1000,'5276',1225,,1299,19,,,0
1000,'5291',1225,,1303,19,,,0
1000,'5295',1225,,1304,19,,,0
7600,'5281',1020,,1749,15,,,0
7600,'5294',1020,,1755,15,,,0
24001000,'4614',620,,1870,11,,,0,105,,1872,11,,,0,998,,1871,14,,,0
24001000,'4616',718,,1873,11,,,0
24001000,'5087',620,,1877,11,,,0,105,,1879,11,,,0,998,,1878,14,,,0
