4300,'4614',1032,,2081,38,,,0,218,,2083,38,,,0,178,,2087,35,,,0,128,,2090,43,,,0,62,,2088,35,,,0,139,,2084,35,,,0,164,,2089,38,,,0
4300,'4619',2159,,2092,38,,,0
4300,'5439',1032,,1547,38,,,0,218,,1549,38,,,0,178,,1553,35,,,0,128,,1556,38,,,0,62,,1554,35,,,0,139,,1550,35,,,0,164,,1555,38,,,0
4300,'5443',2159,,1546,38,,,0
4300,'5444',930,,2099,38,,,0,201,,2093,38,,,0,312,,2095,38,,,0,182,,2096,38,,,0,126,,2097,38,,,0,167,,2098,38,,,0
4300,'5446',1032,,2100,38,,,0,218,,2102,38,,,0,178,,2106,35,,,0,128,,2109,38,,,0,62,,2107,35,,,0,139,,2103,35,,,0,164,,2108,38,,,0
4300,'5448',2159,,2111,38,,,0
4300,'5449',930,,2118,38,,,0,201,,2112,38,,,0,312,,2114,38,,,0,182,,2115,38,,,0,126,,2116,38,,,0,167,,2117,38,,,0
24004300,'4614',549,,2322,17,,,0,95,,2320,17,,,0,73,,2319,17,,,0,132,,2321,17,,,0
24004300,'5439',549,,1890,17,,,0,95,,1888,17,,,0,73,,1887,17,,,0,132,,1889,17,,,0
24004300,'5444',750,,2323,17,,,0
24004300,'5446',549,,2327,17,,,0,95,,2325,17,,,0,73,,2324,17,,,0,132,,2326,17,,,0
24004300,'5449',750,,2328,17,,,0
