100,'4614',746,,1015,17,,,0,70,,1014,17,,,0,34,,1017,24,,,0,3,,1025,6,0,23 16,0,73,,1030,17,,,0,79,,1026,17,,,0,147,,1018,24,,,0,161,,1020,17,,,0,10,,1027,6,0,23 16,0,32,,1021,24,,,0,150,,1022,24,,,0,96,,1023,24,,,0,112,,1028,24,,,0,94,,1029,24,,,0,45,,1024,24,,,0
100,'4616',838,,1054,17,,,0,75,,1056,17,,,0,99,,1057,24,,,0,37,,1055,17,,,0,90,,1058,17,,,0,115,,1059,17,,,0,160,,1060,17,,,0,120,,1061,17,,,0,75,,1062,17,,,0,108,,1063,24,,,0,195,,1064,17,,,0
100,'4619',1938,,1032,17,,,0,115,,1033,17,,,0,153,,1034,17,,,0,105,,1035,17,,,0
100,'4623',1938,,1037,17,,,0,115,,1038,17,,,0,153,,1039,17,,,0,105,,1040,17,,,0
100,'4931',1938,,1042,17,,,0,115,,1043,17,,,0,153,,1044,17,,,0
100,'5087',746,,1045,17,,,0,70,,1085,17,,,0,34,,1086,24,,,0,3,,1093,6,0,23 16,0,73,,1096,17,,,0,79,,1094,17,,,0,147,,1087,24,,,0,161,,1089,17,,,0,10,,1095,6,0,23 16,0,32,,1090,24,,,0,150,,1091,24,,,0,96,,1047,24,,,0,112,,1048,24,,,0,94,,1049,24,,,0,45,,1092,24,,,0
100,'5088',1938,,1098,17,,,0,115,,1099,17,,,0,153,,1100,17,,,0
100,'5274',1035,,1050,17,,,0,67,,1051,24,,,0
100,'5276',1035,,1052,17,,,0,67,,1053,24,,,0
100,'5291',1035,,1065,17,,,0,67,,1066,24,,,0
100,'5295',1035,,1067,17,,,0,67,,1068,24,,,0
7601,'5281',948,,1761,39,4,,0
7601,'5294',948,,1767,39,4,,0
