201,'4614',622,,1104,3,0,32,0,25,,1105,3,0,32,0,111,,1103,3,0,32,0,70,,1101,3,0,32,0,75,,1106,3,0,32,0,30,,1107,3,0,32,0,99,,1108,3,0,32,0,71,,1109,3,0,32,0,101,,1110,3,0,32,0,100,,1111,3,0,32,0,103,,1112,3,0,32,0,22,,1113,3,0,32,0,175,,1115,3,0,32,0,299,,1116,3,0,32,0
201,'4616',813,,1148,3,0,32,0,110,,1139,3,0,32,0,110,,1140,3,0,32,0,121,,1141,3,0,32,0,153,,1142,3,0,32,0,120,,1143,3,0,32,0,197,,1144,3,0,32,0,109,,1145,3,0,32,0,80,,1146,3,0,32,0,115,,1147,3,0,32,0
201,'4619',1539,,1117,3,0,32,0,105,,1118,3,0,32,0,99,,1119,3,0,32,0,210,,1120,3,0,32,0,155,,1121,3,0,32,0,114,,1122,3,0,32,0
201,'4931',1539,,1129,3,0,32,0,105,,1130,3,0,32,0,99,,1131,3,0,32,0,210,,1132,3,0,32,0,155,,1133,3,0,32,0
201,'5291',1711,,1149,3,0,32,0
201,'5295',1711,,1150,3,0,32,0
401,'4614',1115,,1279,3,,,0,209,,1280,3,,,0,129,,1281,3,,,0
401,'4616',1406,,1282,3,,,0
1000,'4614',849,,1289,3,,,0,498,,1291,3,,,0,266,,1290,3,,,0,236,,1292,3,,,0,196,,1293,3,,,0
1000,'4616',1026,,1300,3,,,0,498,,1301,3,,,0,326,,1302,3,,,0
1000,'5291',1207,,1303,3,,,0
1000,'5295',1207,,1304,3,,,0
7200,'5291',848,,1735,8,4,,0,576,,1734,8,4,,0,419,,1736,6,4,,0
7401,'5292',1015,,1746,47,4,,0
7600,'5294',1009,,1755,4,,,0
18000201,'4614',1518,,1868,3,0,32 2 33 34,0
24001000,'4614',1708,,1871,3,,,0
