4300,'4614',1030,,2081,37,,,0,218,,2083,37,,,0,178,,2087,34,,,0,128,,2090,42,,,0,62,,2088,34,,,0,139,,2084,34,,,0,164,,2089,37,,,0
4300,'4619',2157,,2092,37,,,0
4300,'5439',1030,,1547,37,,,0,218,,1549,37,,,0,178,,1553,34,,,0,128,,1556,37,,,0,62,,1554,34,,,0,139,,1550,34,,,0,164,,1555,37,,,0
4300,'5443',2157,,1546,37,,,0
4300,'5444',928,,2099,37,,,0,201,,2093,37,,,0,312,,2095,37,,,0,182,,2096,37,,,0,126,,2097,37,,,0,167,,2098,37,,,0
4300,'5446',1030,,2100,37,,,0,218,,2102,37,,,0,178,,2106,34,,,0,128,,2109,37,,,0,62,,2107,34,,,0,139,,2103,34,,,0,164,,2108,37,,,0
4300,'5448',2157,,2111,37,,,0
4300,'5449',928,,2118,37,,,0,201,,2112,37,,,0,312,,2114,37,,,0,182,,2115,37,,,0,126,,2116,37,,,0,167,,2117,37,,,0
24004300,'4614',547,,2322,16,,,0,95,,2320,16,,,0,73,,2319,16,,,0,132,,2321,16,,,0
24004300,'5439',547,,1890,16,,,0,95,,1888,16,,,0,73,,1887,16,,,0,132,,1889,16,,,0
24004300,'5444',748,,2323,16,,,0
24004300,'5446',547,,2327,16,,,0,95,,2325,16,,,0,73,,2324,16,,,0,132,,2326,16,,,0
24004300,'5449',748,,2328,16,,,0
