4301,'4614',1051,,2125,4,,,0,258,,2119,4,,,0,138,,2121,4,,,0,169,,2127,4,,,0,200,,2126,4,,,0,124,,2128,4,,,0
4301,'5439',1051,,1583,4,,,0,258,,1577,4,,,0,138,,1579,4,,,0,169,,1585,4,,,0,200,,1584,4,,,0,124,,1586,4,,,0
4301,'5444',809,,2135,4,,,0,141,,2134,4,,,0,201,,2131,4,,,0,352,,2133,4,,,0
4301,'5446',1051,,2142,4,,,0,258,,2136,4,,,0,138,,2138,4,,,0,169,,2144,4,,,0,200,,2143,4,,,0,124,,2145,4,,,0
4301,'5449',809,,2152,4,,,0,141,,2151,4,,,0,201,,2148,4,,,0,352,,2150,4,,,0
24004301,'4614',607,,2333,4,,,0,95,,2330,4,,,0,35,,2331,4,,,0,172,,2332,4,,,0,728,,2329,4,,,0
24004301,'4619',2203,,2334,5,,,0
24004301,'5439',607,,1903,4,,,0,95,,1900,4,,,0,35,,1901,4,,,0,172,,1902,4,,,0,728,,1899,4,,,0
24004301,'5443',2203,,1898,5,,,0
24004301,'5444',1644,,2336,4,,,0,166,,2335,4,,,0,127,,2337,4,,,0
24004301,'5446',607,,2342,4,,,0,95,,2339,4,,,0,35,,2340,4,,,0,172,,2341,4,,,0,728,,2338,4,,,0
24004301,'5448',2203,,2343,5,,,0
24004301,'5449',1644,,2345,4,,,0,166,,2344,4,,,0,127,,2346,4,,,0
