1000,'4614',927,,1289,42,,,0,500,,1291,42,,,0,227,,1290,42,,,0,272,,1292,42,,,0,196,,1293,42,,,0
1000,'4616',1106,,1300,42,,,0,500,,1301,42,,,0,325,,1302,42,,,0
1000,'5087',927,,1306,42,,,0,500,,1295,42,,,0,227,,1294,42,,,0,272,,1296,42,,,0,196,,1297,42,,,0
1000,'5274',1247,,1298,42,,,0
1000,'5276',1247,,1299,42,,,0
1000,'5291',1247,,1303,42,,,0
1000,'5295',1247,,1304,42,,,0
7600,'5281',1041,,1749,33,,,0
7600,'5294',1041,,1755,33,,,0
24001000,'4614',640,,1870,29,,,0,105,,1872,29,,,0,1002,,1871,37,,,0
24001000,'4616',738,,1873,29,,,0
24001000,'5087',640,,1877,29,,,0,105,,1879,29,,,0,1002,,1878,37,,,0
