4600,'4614',806,,2202,8,0,11,0,120,,2197,8,0,11,0,114,,2201,8,0,11,0,107,,2205,8,0,11,0,179,,2204,8,0,11,0,113,,2198,8,0,11,0,77,,2199,8,0,11,0,115,,2200,8,0,11,0,127,,2203,8,0,11,0,182,,2206,8,0,11,0
4600,'4619',2106,,2207,8,0,11,0
4600,'5439',806,,1650,8,0,11,0,120,,1645,8,0,11,0,114,,1649,8,0,11,0,107,,1653,8,0,11,0,179,,1652,8,0,11,0,113,,1646,8,0,11,0,77,,1647,8,0,11,0,115,,1648,8,0,11,0,127,,1651,8,0,11,0,182,,1654,8,0,11,0
4600,'5443',2106,,1644,8,0,11,0
4600,'5444',829,,2212,8,0,11,0,308,,2211,8,0,11,0,317,,2208,8,0,11,0,195,,2209,8,0,11,0
4600,'5446',806,,2218,8,0,11,0,120,,2213,8,0,11,0,114,,2217,8,0,11,0,107,,2221,8,0,11,0,179,,2220,8,0,11,0,113,,2214,8,0,11,0,77,,2215,8,0,11,0,115,,2216,8,0,11,0,127,,2219,8,0,11,0,182,,2222,8,0,11,0
4600,'5448',2106,,2223,8,0,11,0
4600,'5449',829,,2228,8,0,11,0,308,,2227,8,0,11,0,317,,2224,8,0,11,0,195,,2225,8,0,11,0
4601,'4614',851,,2229,9,,,0,154,,2236,14,,,0,107,,2238,9,,,0,139,,2237,14,,,0,153,,2230,9,,,0,35,,2233,9,,,0,116,,2231,14,,,0,168,,2232,9,,,0,183,,2239,9,,,0
4601,'4619',2032,,2240,9,,,0
4601,'5439',851,,1673,9,,,0,154,,1680,14,,,0,107,,1682,9,,,0,139,,1681,14,,,0,153,,1674,9,,,0,35,,1677,9,,,0,116,,1675,14,,,0,168,,1676,9,,,0,183,,1683,9,,,0
4601,'5443',2032,,1672,9,,,0
4601,'5444',1103,,2244,14,,,0,316,,2241,14,,,0,195,,2242,14,,,0,237,,2243,9,,,0
4601,'5446',851,,2246,9,,,0,154,,2253,14,,,0,107,,2255,9,,,0,139,,2254,14,,,0,153,,2247,9,,,0,35,,2250,9,,,0,116,,2248,14,,,0,168,,2249,9,,,0,183,,2256,9,,,0
4601,'5448',2032,,2257,9,,,0
4601,'5449',1103,,2261,14,,,0,316,,2258,14,,,0,195,,2259,14,,,0,237,,2260,9,,,0
