3300,'4614',830,,1980,2,,,0,28,,1979,2,,,0,272,,1978,2,,,0,289,,1977,2,,,0,191,,1975,2,,,0,20,,1976,2,,,0
3300,'5439',830,,1454,2,,,0,28,,1453,2,,,0,272,,1452,2,,,0,289,,1451,2,,,0,191,,1449,2,,,0,20,,1450,2,,,0
3300,'5444',1122,,1981,2,,,0,325,,1982,2,,,0,158,,1983,2,,,0
3300,'5446',830,,1989,2,,,0,28,,1988,2,,,0,272,,1987,2,,,0,289,,1986,2,,,0,191,,1984,2,,,0,20,,1985,2,,,0
3300,'5449',1122,,1990,2,,,0,325,,1991,2,,,0,158,,1992,2,,,0
3601,'4614',740,,2041,2,,,0,798,,2039,2,0,5 6,0
3601,'5439',740,,1503,2,,,0,798,,1501,2,0,5 6,0
3601,'5446',740,,2044,2,,,0,798,,2042,2,0,5 6,0
9801,'4614',648,,2292,2,0,11,0,88,,2288,2,0,7 8 2 11 2 10,0,119,,2293,2,0,7 8 2 11 2 10,0,179,,2291,2,0,11,0,222,,2287,2,0,7 8 2 11 2 10,0,352,,2289,2,0,11,0,100,,2294,2,0,11,0,48,,2290,2,0,11,0
9801,'4619',1912,,2298,2,0,11,0
9801,'5439',648,,1810,2,0,11,0,88,,1806,2,0,7 8 2 11 2 10,0,119,,1811,2,0,7 8 2 11 2 10,0,179,,1809,2,0,11,0,222,,1805,2,0,7 8 2 11 2 10,0,352,,1807,2,0,11,0,100,,1812,2,0,11,0,48,,1808,2,0,11,0
9801,'5443',1912,,1804,2,0,11,0
9801,'5444',934,,2301,2,0,11,0,384,,2299,2,0,11,0,438,,2300,2,0,11,0
9801,'5446',648,,2308,2,0,11,0,88,,2304,2,0,7 8 2 11 2 10,0,119,,2309,2,0,7 8 2 11 2 10,0,179,,2307,2,0,11,0,222,,2303,2,0,7 8 2 11 2 10,0,352,,2305,2,0,11,0,100,,2310,2,0,11,0,48,,2306,2,0,11,0
9801,'5448',1912,,2314,2,0,11,0
9801,'5449',934,,2317,2,0,11,0,384,,2315,2,0,11,0,438,,2316,2,0,11,0
9900,'4614',648,,1820,2,,,0,88,,1821,2,,,0,117,,1822,2,,,0,181,,1823,2,,,0,222,,1824,2,,,0,352,,1825,2,,,0,99,,1826,2,,,0,49,,1827,2,,,0
9900,'4616',936,,1831,2,,,0,384,,1832,2,,,0,439,,1833,2,,,0
9900,'5087',648,,1839,2,,,0,88,,1840,2,,,0,117,,1828,2,,,0,181,,1829,2,,,0,222,,1841,2,,,0,352,,1842,2,,,0,99,,1830,2,,,0,49,,1843,2,,,0
