2001,'4614',459,,1367,7,,,0,260,,1368,7,,,0,319,,1369,7,,,0,573,,1370,7,,,0,127,,1371,7,,,0
2001,'4616',532,,1380,7,,,0,492,,1381,7,,,0,490,,1378,7,,,0
2001,'5087',459,,1372,7,,,0,260,,1373,7,,,0,319,,1385,7,,,0,573,,1374,7,,,0,127,,1375,7,,,0
2001,'5274',744,,1376,7,0,24 25,0
2001,'5276',744,,1377,7,0,24 25,0
2001,'5291',744,,1382,7,0,24 25,0
2001,'5295',744,,1383,7,0,24 25,0
7400,'5278',1623,,1743,10,,,0
7400,'5292',1623,,1744,10,,,0
9901,'4614',609,,1844,7,,,0,91,,1845,7,,,0,114,,1846,7,,,0,141,,1847,7,,,0,259,,1848,7,,,0,310,,1849,7,,,0,105,,1850,7,,,0,88,,1851,7,,,0
9901,'4616',857,,1855,7,,,0,383,,1856,7,,,0,475,,1857,7,,,0
9901,'5087',609,,1863,7,,,0,91,,1864,7,,,0,114,,1852,7,,,0,141,,1853,7,,,0,259,,1865,7,,,0,310,,1866,7,,,0,105,,1854,7,,,0,88,,1867,7,,,0
