4500,'4614',620,,2191,4,,,0
4500,'5439',620,,1631,4,,,0
4500,'5446',620,,2195,4,,,0
4600,'4614',809,,2202,11,0,11,0,120,,2197,11,0,11,0,114,,2201,11,0,11,0,107,,2205,11,0,11,0,179,,2204,11,0,11,0,113,,2198,11,0,11,0,77,,2199,11,0,11,0,115,,2200,11,0,11,0,167,,2203,11,0,11,0,142,,2206,11,0,11,0
4600,'4619',2109,,2207,11,0,11,0
4600,'5439',809,,1650,11,0,11,0,120,,1645,11,0,11,0,114,,1649,11,0,11,0,107,,1653,11,0,11,0,179,,1652,11,0,11,0,113,,1646,11,0,11,0,77,,1647,11,0,11,0,115,,1648,11,0,11,0,167,,1651,11,0,11,0,142,,1654,11,0,11,0
4600,'5443',2109,,1644,11,0,11,0
4600,'5444',832,,2212,11,0,11,0,308,,2211,11,0,11,0,317,,2208,11,0,11,0,195,,2209,11,0,11,0
4600,'5446',809,,2218,11,0,11,0,120,,2213,11,0,11,0,114,,2217,11,0,11,0,107,,2221,11,0,11,0,179,,2220,11,0,11,0,113,,2214,11,0,11,0,77,,2215,11,0,11,0,115,,2216,11,0,11,0,167,,2219,11,0,11,0,142,,2222,11,0,11,0
4600,'5448',2109,,2223,11,0,11,0
4600,'5449',832,,2228,11,0,11,0,308,,2227,11,0,11,0,317,,2224,11,0,11,0,195,,2225,11,0,11,0
