4300,'4614',1033,,2081,40,,,0,218,,2083,40,,,0,178,,2087,37,,,0,128,,2090,45,,,0,62,,2088,37,,,0,139,,2084,37,,,0,164,,2089,40,,,0
4300,'5439',1033,,1547,40,,,0,218,,1549,40,,,0,178,,1553,37,,,0,128,,1556,40,,,0,62,,1554,37,,,0,139,,1550,37,,,0,164,,1555,40,,,0
4300,'5444',931,,2099,40,,,0,201,,2093,40,,,0,312,,2095,40,,,0,182,,2096,40,,,0,126,,2097,40,,,0,167,,2098,40,,,0
4300,'5446',1033,,2100,40,,,0,218,,2102,40,,,0,178,,2106,37,,,0,128,,2109,40,,,0,62,,2107,37,,,0,139,,2103,37,,,0,164,,2108,40,,,0
4300,'5449',931,,2118,40,,,0,201,,2112,40,,,0,312,,2114,40,,,0,182,,2115,40,,,0,126,,2116,40,,,0,167,,2117,40,,,0
24004300,'4614',550,,2322,19,,,0,95,,2320,19,,,0,73,,2319,19,,,0,132,,2321,19,,,0
24004300,'5439',550,,1890,19,,,0,95,,1888,19,,,0,73,,1887,19,,,0,132,,1889,19,,,0
24004300,'5444',751,,2323,19,,,0
24004300,'5446',550,,2327,19,,,0,95,,2325,19,,,0,73,,2324,19,,,0,132,,2326,19,,,0
24004300,'5449',751,,2328,19,,,0
24004301,'4619',2200,,2334,2,,,0
24004301,'5443',2200,,1898,2,,,0
24004301,'5448',2200,,2343,2,,,0
