4300,'4614',1024,,2081,31,,,0,217,,2083,31,,,0,178,,2087,28,,,0,128,,2090,36,,,0,63,,2088,28,,,0,139,,2084,28,,,0,164,,2089,31,,,0
4300,'4619',2151,,2092,31,,,0
4300,'5439',1024,,1547,31,,,0,217,,1549,31,,,0,178,,1553,28,,,0,128,,1556,31,,,0,63,,1554,28,,,0,139,,1550,28,,,0,164,,1555,31,,,0
4300,'5443',2151,,1546,31,,,0
4300,'5444',922,,2099,31,,,0,201,,2093,31,,,0,312,,2095,31,,,0,182,,2096,31,,,0,126,,2097,31,,,0,167,,2098,31,,,0
4300,'5446',1024,,2100,31,,,0,217,,2102,31,,,0,178,,2106,28,,,0,128,,2109,31,,,0,63,,2107,28,,,0,139,,2103,28,,,0,164,,2108,31,,,0
4300,'5448',2151,,2111,31,,,0
4300,'5449',922,,2118,31,,,0,201,,2112,31,,,0,312,,2114,31,,,0,182,,2115,31,,,0,126,,2116,31,,,0,167,,2117,31,,,0
24004300,'4614',541,,2322,10,,,0,95,,2320,10,,,0,73,,2319,10,,,0,132,,2321,10,,,0
24004300,'5439',541,,1890,10,,,0,95,,1888,10,,,0,73,,1887,10,,,0,132,,1889,10,,,0
24004300,'5444',742,,2323,10,,,0
24004300,'5446',541,,2327,10,,,0,95,,2325,10,,,0,73,,2324,10,,,0,132,,2326,10,,,0
24004300,'5449',742,,2328,10,,,0
