3101,'4614',815,,1918,4,0,13,0,109,,1919,4,0,12 7,0,90,,1917,4,0,13,0,35,,1913,4,0,13,0,104,,1915,4,0,12 7,0,159,,1912,4,0,13,0,121,,1911,4,0,13,0,71,,1910,4,0,13,0,102,,1908,4,0,13,0,43,,1909,4,0,12 7,0,161,,1907,4,0,12 7,0
3101,'5439',815,,1411,4,0,13,0,109,,1412,4,0,12 7,0,90,,1410,4,0,13,0,35,,1406,4,0,13,0,104,,1408,4,0,12 7,0,159,,1405,4,0,13,0,121,,1404,4,0,13,0,71,,1403,4,0,13,0,102,,1401,4,0,13,0,43,,1402,4,0,12 7,0,151,,1400,4,0,12 7,0
3101,'5444',953,,1924,4,0,12 7,0,187,,1921,4,0,12 7,0,197,,1925,4,0,13,0,170,,1927,4,0,12 7,0
3101,'5446',815,,1940,4,0,13,0,109,,1941,4,0,12 7,0,90,,1939,4,0,13,0,35,,1935,4,0,13,0,104,,1937,4,0,12 7,0,159,,1934,4,0,13,0,121,,1933,4,0,13,0,71,,1932,4,0,13,0,102,,1930,4,0,13,0,43,,1931,4,0,12 7,0,161,,1929,4,0,12 7,0
3101,'5449',953,,1946,4,0,12 7,0,187,,1943,4,0,12 7,0,197,,1947,4,0,13,0,170,,1949,4,0,12 7,0
3201,'4614',729,,1958,4,0,14 3 15,0,685,,1955,4,0,15,0,127,,1954,4,0,15,0,84,,1953,4,0,14 16,0
3201,'5439',729,,1438,4,0,14 3 15,0,685,,1435,4,0,15,0,127,,1434,4,0,15,0,84,,1433,4,0,14 16,0
3201,'5446',729,,1970,4,0,14 3 15,0,685,,1967,4,0,15,0,127,,1966,4,0,15,0,84,,1965,4,0,14 16,0
3800,'5293',1001,,2046,26,,,0,410,,2045,26,,,0
3800,'5440',1001,,1505,26,,,0,410,,1504,26,,,0
3800,'5447',1001,,2048,26,,,0,410,,2047,26,,,0
