4300,'4614',1035,,2081,42,,,0,218,,2083,42,,,0,178,,2087,39,,,0,128,,2090,47,,,0,62,,2088,39,,,0,179,,2084,39,,,0,124,,2089,42,,,0
4300,'5439',1035,,1547,42,,,0,218,,1549,42,,,0,178,,1553,39,,,0,128,,1556,42,,,0,62,,1554,39,,,0,179,,1550,39,,,0,124,,1555,42,,,0
4300,'5444',933,,2099,42,,,0,201,,2093,42,,,0,312,,2095,42,,,0,182,,2096,42,,,0,126,,2097,42,,,0,167,,2098,42,,,0
4300,'5446',1035,,2100,42,,,0,218,,2102,42,,,0,178,,2106,39,,,0,128,,2109,42,,,0,62,,2107,39,,,0,179,,2103,39,,,0,124,,2108,42,,,0
4300,'5449',933,,2118,42,,,0,201,,2112,42,,,0,312,,2114,42,,,0,182,,2115,42,,,0,126,,2116,42,,,0,167,,2117,42,,,0
24004300,'4614',552,,2322,21,,,0,95,,2320,21,,,0,73,,2319,21,,,0,132,,2321,21,,,0
24004300,'5439',552,,1890,21,,,0,95,,1888,21,,,0,73,,1887,21,,,0,132,,1889,21,,,0
24004300,'5444',753,,2323,21,,,0
24004300,'5446',552,,2327,21,,,0,95,,2325,21,,,0,73,,2324,21,,,0,132,,2326,21,,,0
24004300,'5449',753,,2328,21,,,0
