301,'4614',633,,1187,17,0,28 29,0,102,,1186,17,0,28 29,0,69,,1183,17,0,28 29,0,110,,1198,17,0,28 29,0,40,,1189,17,0,28 29,0,348,,1192,17,0,28 29,0
301,'4616',828,,1222,17,0,28 29,0,75,,1224,17,0,28 29,0,136,,1223,17,0,28 29,0,90,,1226,17,0,28 29,0,115,,1225,17,0,28 29,0,160,,1227,17,0,28 29,0,120,,1228,17,0,28 29,0,35,,1229,17,0,28 29,0,343,,1230,17,0,28 29,0
301,'4619',1928,,1201,17,0,28 29,0,115,,1202,17,0,28 29,0,114,,1203,17,0,28 29,0,145,,1204,17,0,28 29,0
301,'4623',1928,,1207,17,0,28 29,0,115,,1208,17,0,28 29,0,114,,1209,17,0,28 29,0,145,,1210,17,0,28 29,0
301,'4931',1928,,1213,17,0,28 29,0,115,,1214,17,0,28 29,0,114,,1215,17,0,28 29,0
301,'5087',633,,1217,17,0,28 29,0,102,,1216,17,0,28 29,0,69,,1250,17,0,28 29,0,110,,1261,17,0,28 29,0,40,,1253,17,0,28 29,0,348,,1256,17,0,28 29,0
301,'5088',1928,,1264,17,0,28 29,0,115,,1265,17,0,28 29,0,114,,1266,17,0,28 29,0
301,'5274',1024,,1220,17,0,28 29,0
301,'5276',1024,,1221,17,0,28 29,0
301,'5291',1024,,1231,17,0,28 29,0
301,'5295',1024,,1232,17,0,28 29,0
