201,'4614',637,,1104,24,,,0,68,,1105,24,,,0,113,,1103,24,,,0,28,,1101,24,,,0,77,,1106,25,,,0,29,,1107,25,,,0,103,,1108,27,,,0,68,,1109,25,,,0,106,,1110,27,,,0,96,,1111,25,,,0,106,,1112,27,,,0,19,,1113,25,,,0,176,,1115,27,,,0,296,,1116,25,,,0
201,'4616',830,,1148,25,,,0,113,,1139,25,,,0,113,,1140,27,,,0,158,,1141,25,,,0,116,,1142,27,,,0,117,,1143,25,,,0,200,,1144,27,,,0,106,,1145,25,,,0,80,,1146,25,,,0,113,,1147,25,,,0
201,'4619',1559,,1117,25,,,0,145,,1118,25,,,0,98,,1119,25,,,0,208,,1120,25,,,0,115,,1121,25,,,0,112,,1122,24,,,0
201,'4623',1559,,1123,25,,,0,145,,1124,25,,,0,98,,1125,25,,,0,208,,1126,25,,,0,115,,1127,25,,,0,112,,1128,24,,,0
201,'4931',1559,,1129,25,,,0,145,,1130,25,,,0,98,,1131,25,,,0,208,,1132,25,,,0,115,,1133,25,,,0
201,'5087',637,,1168,24,,,0,68,,1135,24,,,0,113,,1134,24,,,0,28,,1167,24,,,0,77,,1136,25,,,0,29,,1169,25,,,0,103,,1170,27,,,0,68,,1171,25,,,0,106,,1172,27,,,0,96,,1173,25,,,0,106,,1174,27,,,0,19,,1175,25,,,0,176,,1176,27,,,0,296,,1177,25,,,0
201,'5088',1559,,1178,25,,,0,145,,1179,25,,,0,98,,1180,25,,,0,208,,1181,25,,,0,115,,1182,25,,,0
201,'5274',1730,,1137,25,,,0
201,'5276',1730,,1138,25,,,0
201,'5291',1730,,1149,25,,,0
201,'5295',1730,,1150,25,,,0
1001,'4614',729,,1307,39,,,0,105,,1311,39,,,0,188,,1308,39,,,0,503,,1312,39,,,0,231,,1309,39,,,0,89,,1310,39,,,0,179,,1313,39,,,0
1001,'4616',830,,1319,39,,,0,378,,1320,39,,,0,817,,1321,39,,,0
1001,'5087',729,,1328,39,,,0,105,,1331,39,,,0,188,,1329,39,,,0,503,,1315,39,,,0,231,,1314,39,,,0,89,,1330,39,,,0,179,,1316,39,,,0
1001,'5274',1345,,1317,39,,,0
1001,'5276',1345,,1318,39,,,0
1001,'5291',1345,,1322,39,,,0
1001,'5295',1345,,1323,39,,,0
