100,'4614',824,,1014,23,4,,0,13,,1017,1,0,29,0,13,,1025,1,0,23 16,0,8,,1017,30,4,,0,43,,1025,12,4,,0,33,,1030,23,4,,0,186,,1019,1,0,29 2 35 23,0,14,,1019,23,4,,0,6,,1018,1,0,29,0,180,,1027,1,0,23 16,0,22,,1021,1,0,29,0,110,,1022,1,0,29,0,96,,1023,1,0,29,0,152,,1028,1,0,29,0,55,,1029,1,0,29,0,85,,1024,1,0,29,0
100,'4616',1000,,1057,1,0,29,0,56,,1055,23,4,,0,485,,1061,23,4,,0,164,,1063,1,0,29,0
100,'4619',1519,,1031,1,0,29 2 35 23,0
100,'4931',1519,,1041,1,0,29 2 35 23,0
100,'5291',1043,,1065,23,4,,0,7,,1066,1,0,29,0,60,,1066,30,4,,0
100,'5295',1043,,1067,23,4,,0,7,,1068,1,0,29,0,60,,1068,30,4,,0
201,'4614',717,,1105,31,4,,0,117,,1103,34,4,,0,102,,1106,32,4,,0,201,,1109,32,4,,0,107,,1110,34,4,,0,96,,1111,32,4,,0,164,,1113,32,4,,0,27,,1114,2,4,,0,109,,1115,34,4,,0
201,'4616',957,,1139,32,4,,0,153,,1140,34,4,,0,118,,1141,32,4,,0,116,,1142,34,4,,0,157,,1143,32,4,,0,200,,1144,34,4,,0,145,,1146,32,4,,0
201,'4619',1613,,1117,32,4,,0,105,,1118,32,4,,0,96,,1119,32,4,,0,208,,1120,32,4,,0,115,,1121,32,4,,0,108,,1122,30,4,,0
201,'4931',1613,,1129,32,4,,0,105,,1130,32,4,,0,96,,1131,32,4,,0,208,,1132,32,4,,0,115,,1133,32,4,,0
201,'5291',1743,,1149,32,4,,0
201,'5295',1743,,1150,32,4,,0
301,'4614',620,,1187,1,,,0,100,,1186,1,,,0,15,,1185,1,0,5 6 16,0,14,,1183,1,,,0,51,,1184,1,0,30,0,40,,1188,1,0,30,0,60,,1198,1,,,0,40,,1189,1,,,0,100,,1190,1,0,30,0,100,,1191,1,0,30,0,108,,1192,1,,,0,95,,1193,1,0,30,0,58,,1193,19,4,,0,31,,1194,1,0,30,0,18,,1194,19,4,,0,85,,1196,1,0,30,0,112,,1197,1,0,30,0,168,,1195,1,0,30,0
301,'4616',815,,1222,1,,,0,35,,1224,1,,,0,175,,1223,1,,,0,90,,1226,1,,,0,115,,1225,1,,,0,120,,1227,1,,,0,160,,1228,1,,,0,35,,1229,1,,,0,303,,1230,1,,,0
301,'4619',1620,,1199,1,0,30,0,101,,1200,1,0,30,0,194,,1201,1,,,0,115,,1202,1,,,0,115,,1203,1,,,0,105,,1204,1,,,0
301,'4931',1620,,1211,1,0,30,0,101,,1212,1,0,30,0,194,,1213,1,,,0,115,,1214,1,,,0,115,,1215,1,,,0
301,'5291',1010,,1231,1,,,0
301,'5295',1010,,1232,1,,,0
400,'4619',1518,,1269,5,4,,0
400,'4931',1518,,1271,5,4,,0
1001,'4614',742,,1307,46,4,,0,105,,1311,46,4,,0,189,,1308,46,4,,0,773,,1309,46,4,,0
1001,'4616',843,,1319,46,4,,0
1001,'5291',1359,,1322,46,4,,0
1001,'5295',1359,,1323,46,4,,0
1401,'4614',750,,1332,1,0,31,0
1401,'5291',1112,,1338,1,0,31,0,634,,1339,1,0,31,0
1401,'5295',1112,,1340,1,0,31,0,634,,1341,1,0,31,0
1500,'5295',830,,1345,1,,,0,12,,1345,6,4,,0,563,,1346,1,,,0,12,,1346,6,4,,0,233,,1347,1,,,0
2000,'4614',727,,1348,51,4,,0,225,,1349,51,4,,0,362,,1350,51,4,,0,690,,1352,41,4,,0
2000,'5291',823,,1363,13,4,,0
2000,'5295',823,,1364,13,4,,0
7201,'5291',720,,1741,4,0,36,0,526,,1740,4,,,0,470,,1742,4,,,0
7401,'5292',1011,,1746,45,4,,0
7601,'5294',943,,1767,37,4,,0
9900,'4614',730,,1820,26,4,,0,203,,1822,26,4,,0,182,,1823,26,4,,0,223,,1824,26,4,,0,409,,1826,26,4,,0,89,,1827,26,4,,0
9900,'4616',1017,,1831,26,4,,0
18000201,'4614',1545,,1868,19,4,,0
