4600,'4614',807,,2202,9,0,11,0,120,,2197,9,0,11,0,114,,2201,9,0,11,0,107,,2205,9,0,11,0,179,,2204,9,0,11,0,113,,2198,9,0,11,0,77,,2199,9,0,11,0,115,,2200,9,0,11,0,127,,2203,9,0,11,0,182,,2206,9,0,11,0
4600,'4619',2107,,2207,9,0,11,0
4600,'5439',807,,1650,9,0,11,0,120,,1645,9,0,11,0,114,,1649,9,0,11,0,107,,1653,9,0,11,0,179,,1652,9,0,11,0,113,,1646,9,0,11,0,77,,1647,9,0,11,0,115,,1648,9,0,11,0,127,,1651,9,0,11,0,182,,1654,9,0,11,0
4600,'5443',2107,,1644,9,0,11,0
4600,'5444',830,,2212,9,0,11,0,308,,2211,9,0,11,0,317,,2208,9,0,11,0,195,,2209,9,0,11,0
4600,'5446',807,,2218,9,0,11,0,120,,2213,9,0,11,0,114,,2217,9,0,11,0,107,,2221,9,0,11,0,179,,2220,9,0,11,0,113,,2214,9,0,11,0,77,,2215,9,0,11,0,115,,2216,9,0,11,0,127,,2219,9,0,11,0,182,,2222,9,0,11,0
4600,'5448',2107,,2223,9,0,11,0
4600,'5449',830,,2228,9,0,11,0,308,,2227,9,0,11,0,317,,2224,9,0,11,0,195,,2225,9,0,11,0
4601,'4614',851,,2229,10,,,0,154,,2236,15,,,0,107,,2238,10,,,0,139,,2237,15,,,0,153,,2230,10,,,0,35,,2233,10,,,0,116,,2231,15,,,0,168,,2232,10,,,0,183,,2239,10,,,0
4601,'4619',2032,,2240,10,,,0
4601,'5439',851,,1673,10,,,0,154,,1680,15,,,0,107,,1682,10,,,0,139,,1681,15,,,0,153,,1674,10,,,0,35,,1677,10,,,0,116,,1675,15,,,0,168,,1676,10,,,0,183,,1683,10,,,0
4601,'5443',2032,,1672,10,,,0
4601,'5444',1103,,2244,15,,,0,316,,2241,15,,,0,195,,2242,15,,,0,237,,2243,10,,,0
4601,'5446',851,,2246,10,,,0,154,,2253,15,,,0,107,,2255,10,,,0,139,,2254,15,,,0,153,,2247,10,,,0,35,,2250,10,,,0,116,,2248,15,,,0,168,,2249,10,,,0,183,,2256,10,,,0
4601,'5448',2032,,2257,10,,,0
4601,'5449',1103,,2261,15,,,0,316,,2258,15,,,0,195,,2259,15,,,0,237,,2260,10,,,0
