201,'4614',638,,1104,26,,,0,68,,1105,26,,,0,113,,1103,26,,,0,28,,1101,26,,,0,77,,1106,27,,,0,29,,1107,27,,,0,103,,1108,29,,,0,68,,1109,27,,,0,106,,1110,29,,,0,96,,1111,27,,,0,106,,1112,29,,,0,19,,1113,27,,,0,176,,1115,29,,,0,296,,1116,27,,,0
201,'4616',831,,1148,27,,,0,113,,1139,27,,,0,113,,1140,29,,,0,158,,1141,27,,,0,116,,1142,29,,,0,117,,1143,27,,,0,200,,1144,29,,,0,106,,1145,27,,,0,80,,1146,27,,,0,113,,1147,27,,,0
201,'4619',1600,,1117,27,,,0,105,,1118,27,,,0,98,,1119,27,,,0,208,,1120,27,,,0,115,,1121,27,,,0,113,,1122,26,,,0
201,'4931',1600,,1129,27,,,0,105,,1130,27,,,0,98,,1131,27,,,0,208,,1132,27,,,0,115,,1133,27,,,0
201,'5291',1731,,1149,27,,,0
201,'5295',1731,,1150,27,,,0
1001,'4614',730,,1307,41,,,0,105,,1311,41,,,0,188,,1308,41,,,0,503,,1312,41,,,0,231,,1309,41,,,0,89,,1310,41,,,0,179,,1313,41,,,0
1001,'4616',831,,1319,41,,,0,378,,1320,41,,,0,817,,1321,41,,,0
1001,'5291',1346,,1322,41,,,0
1001,'5295',1346,,1323,41,,,0
