4300,'4614',1508,,2090,3,,,0
4301,'4614',822,,2129,25,,,0
4401,'4614',544,,2161,21,,,0,158,,2153,3,0,21,0,30,,2164,3,0,21,0,80,,2155,3,0,21,0,146,,2156,3,0,22 23 16,0,162,,2157,3,0,21,0,86,,2163,3,0,22 23 16,0,152,,2154,3,0,21,0,150,,2160,3,0,21,0,150,,2158,3,0,22 23 16,0,57,,2159,3,0,21,0,88,,2162,3,0,21,0
4401,'4619',1957,,2165,3,0,22 23 16,0
4401,'5439',544,,1616,21,,,0,158,,1608,3,0,21,0,30,,1619,3,0,21,0,80,,1610,3,0,21,0,146,,1611,3,0,22 23 16,0,162,,1612,3,0,21,0,86,,1618,3,0,22 23 16,0,152,,1609,3,0,21,0,150,,1615,3,0,21,0,150,,1613,3,0,22 23 16,0,57,,1614,3,0,21,0,88,,1617,3,0,21,0
4401,'5443',1957,,1607,3,0,22 23 16,0
4401,'5444',825,,2168,3,0,21,0,196,,2170,3,0,21,0,179,,2169,3,0,21,0,320,,2166,3,0,21,0,127,,2167,3,0,21,0
4401,'5446',544,,2179,21,,,0,158,,2171,3,0,21,0,30,,2182,3,0,21,0,80,,2173,3,0,21,0,146,,2174,3,0,22 23 16,0,162,,2175,3,0,21,0,86,,2181,3,0,22 23 16,0,152,,2172,3,0,21,0,150,,2178,3,0,21,0,150,,2176,3,0,22 23 16,0,57,,2177,3,0,21,0,88,,2180,3,0,21,0
4401,'5448',1957,,2183,3,0,22 23 16,0
4401,'5449',825,,2186,3,0,21,0,196,,2188,3,0,21,0,179,,2187,3,0,21,0,320,,2184,3,0,21,0,127,,2185,3,0,21,0
4600,'4614',825,,2202,21,,,0
9800,'4614',1512,,2265,3,0,7 8 2 9 2 10,0
9800,'5439',1512,,1783,3,0,7 8 2 9 2 10,0
9800,'5446',1512,,2277,3,0,7 8 2 9 2 10,0
9801,'4614',826,,2288,26,,,0
9801,'5439',826,,1806,26,,,0
9801,'5446',826,,2304,26,,,0
