3301,'4614',829,,1998,3,4,,0,28,,1997,3,4,,0,272,,1996,3,4,,0,289,,1995,3,4,,0,211,,1993,3,4,,0
3301,'5439',829,,1470,3,4,,0,28,,1469,3,4,,0,272,,1468,3,4,,0,289,,1467,3,4,,0,211,,1465,3,4,,0
3301,'5444',1120,,2000,3,4,,0,325,,2001,3,4,,0,159,,2002,3,4,,0
3301,'5446',829,,2008,3,4,,0,28,,2007,3,4,,0,272,,2006,3,4,,0,289,,2005,3,4,,0,211,,2003,3,4,,0
3301,'5449',1120,,2010,3,4,,0,325,,2011,3,4,,0,159,,2012,3,4,,0
9800,'4614',642,,2270,18,4,,0,88,,2266,18,4,,0,117,,2269,18,4,,0,181,,2267,18,4,,0,222,,2264,21,4,,0,352,,2265,27,4,,0,98,,2268,21,4,,0,48,,2263,18,4,,0
9800,'4619',1908,,2271,18,4,,0
9800,'5439',642,,1788,18,4,,0,88,,1784,18,4,,0,117,,1787,18,4,,0,181,,1785,18,4,,0,222,,1782,21,4,,0,352,,1783,27,4,,0,98,,1786,21,4,,0,48,,1781,18,4,,0
9800,'5443',1908,,1780,18,4,,0
9800,'5444',928,,2274,18,4,,0,384,,2272,18,4,,0,438,,2273,18,4,,0
9800,'5446',642,,2282,18,4,,0,88,,2278,18,4,,0,117,,2281,18,4,,0,181,,2279,18,4,,0,222,,2276,21,4,,0,352,,2277,27,4,,0,98,,2280,21,4,,0,48,,2275,18,4,,0
9800,'5448',1908,,2283,18,4,,0
9800,'5449',928,,2286,18,4,,0,384,,2284,18,4,,0,438,,2285,18,4,,0
9801,'4614',648,,2292,1,0,11,0,88,,2288,1,0,7 8 2 11 2 10,0,119,,2293,1,0,7 8 2 11 2 10,0,179,,2291,1,0,11,0,222,,2287,1,0,7 8 2 11 2 10,0,352,,2289,1,0,11,0,100,,2294,1,0,11,0,48,,2290,1,0,11,0
9801,'4619',1912,,2298,1,0,11,0
9801,'5439',648,,1810,1,0,11,0,88,,1806,1,0,7 8 2 11 2 10,0,119,,1811,1,0,7 8 2 11 2 10,0,179,,1809,1,0,11,0,222,,1805,1,0,7 8 2 11 2 10,0,352,,1807,1,0,11,0,100,,1812,1,0,11,0,48,,1808,1,0,11,0
9801,'5443',1912,,1804,1,0,11,0
9801,'5444',934,,2301,1,0,11,0,384,,2299,1,0,11,0,438,,2300,1,0,11,0
9801,'5446',648,,2308,1,0,11,0,88,,2304,1,0,7 8 2 11 2 10,0,119,,2309,1,0,7 8 2 11 2 10,0,179,,2307,1,0,11,0,222,,2303,1,0,7 8 2 11 2 10,0,352,,2305,1,0,11,0,100,,2310,1,0,11,0,48,,2306,1,0,11,0
9801,'5448',1912,,2314,1,0,11,0
9801,'5449',934,,2317,1,0,11,0,384,,2315,1,0,11,0,438,,2316,1,0,11,0
