100,'4614',744,,1015,15,,,0,70,,1014,15,,,0,34,,1017,22,,,0,4,,1025,4,0,23 16,0,72,,1030,15,,,0,79,,1026,15,,,0,147,,1018,22,,,0,161,,1020,15,,,0,11,,1027,4,0,23 16,0,31,,1021,22,,,0,150,,1022,22,,,0,56,,1023,22,,,0,152,,1028,22,,,0,94,,1029,22,,,0,45,,1024,22,,,0
100,'4616',836,,1054,15,,,0,75,,1056,15,,,0,99,,1057,22,,,0,37,,1055,15,,,0,90,,1058,15,,,0,115,,1059,15,,,0,160,,1060,15,,,0,120,,1061,15,,,0,75,,1062,15,,,0,108,,1063,22,,,0,195,,1064,15,,,0
100,'4619',1936,,1032,15,,,0,115,,1033,15,,,0,154,,1034,15,,,0,105,,1035,15,,,0
100,'4623',1936,,1037,15,,,0,115,,1038,15,,,0,154,,1039,15,,,0,105,,1040,15,,,0
100,'4931',1936,,1042,15,,,0,115,,1043,15,,,0,154,,1044,15,,,0
100,'5087',744,,1045,15,,,0,70,,1085,15,,,0,34,,1086,22,,,0,4,,1093,4,0,23 16,0,72,,1096,15,,,0,79,,1094,15,,,0,147,,1087,22,,,0,161,,1089,15,,,0,11,,1095,4,0,23 16,0,31,,1090,22,,,0,150,,1091,22,,,0,56,,1047,22,,,0,152,,1048,22,,,0,94,,1049,22,,,0,45,,1092,22,,,0
100,'5088',1936,,1098,15,,,0,115,,1099,15,,,0,154,,1100,15,,,0
100,'5274',1033,,1050,15,,,0,67,,1051,22,,,0
100,'5276',1033,,1052,15,,,0,67,,1053,22,,,0
100,'5291',1033,,1065,15,,,0,67,,1066,22,,,0
100,'5295',1033,,1067,15,,,0,67,,1068,22,,,0
