201,'4614',634,,1104,20,,,0,68,,1105,20,,,0,113,,1103,20,,,0,28,,1101,20,,,0,77,,1106,21,,,0,29,,1107,21,,,0,103,,1108,23,,,0,68,,1109,21,,,0,106,,1110,23,,,0,96,,1111,21,,,0,106,,1112,23,,,0,19,,1113,21,,,0,176,,1115,23,,,0,296,,1116,21,,,0
201,'4616',828,,1148,21,,,0,112,,1139,21,,,0,113,,1140,23,,,0,158,,1141,21,,,0,116,,1142,23,,,0,117,,1143,21,,,0,200,,1144,23,,,0,106,,1145,21,,,0,80,,1146,21,,,0,113,,1147,21,,,0
201,'4619',1556,,1117,21,,,0,145,,1118,21,,,0,58,,1119,21,,,0,248,,1120,21,,,0,115,,1121,21,,,0,113,,1122,20,,,0
201,'4623',1556,,1123,21,,,0,145,,1124,21,,,0,58,,1125,21,,,0,248,,1126,21,,,0,115,,1127,21,,,0,113,,1128,20,,,0
201,'4931',1556,,1129,21,,,0,145,,1130,21,,,0,58,,1131,21,,,0,248,,1132,21,,,0,115,,1133,21,,,0
201,'5087',634,,1168,20,,,0,68,,1135,20,,,0,113,,1134,20,,,0,28,,1167,20,,,0,77,,1136,21,,,0,29,,1169,21,,,0,103,,1170,23,,,0,68,,1171,21,,,0,106,,1172,23,,,0,96,,1173,21,,,0,106,,1174,23,,,0,19,,1175,21,,,0,176,,1176,23,,,0,296,,1177,21,,,0
201,'5088',1556,,1178,21,,,0,145,,1179,21,,,0,58,,1180,21,,,0,248,,1181,21,,,0,115,,1182,21,,,0
201,'5274',1727,,1137,21,,,0
201,'5276',1727,,1138,21,,,0
201,'5291',1727,,1149,21,,,0
201,'5295',1727,,1150,21,,,0
