100,'4614',837,,1017,2,0,29,0,13,,1025,2,0,23 16,0,270,,1019,2,0,29 2 35 23,0,20,,1018,2,0,29,0,180,,1027,2,0,23 16,0,22,,1021,2,0,29,0,110,,1022,2,0,29,0,96,,1023,2,0,29,0,152,,1028,2,0,29,0,55,,1029,2,0,29,0,85,,1024,2,0,29,0
100,'4616',1000,,1057,2,0,29,0,705,,1063,2,0,29,0
100,'4619',1519,,1031,2,0,29 2 35 23,0
100,'4931',1519,,1041,2,0,29 2 35 23,0
100,'5291',1050,,1066,2,0,29,0
100,'5295',1050,,1068,2,0,29,0
301,'4614',620,,1187,2,,,0,101,,1186,2,,,0,15,,1185,2,0,5 6 16,0,14,,1183,2,,,0,51,,1184,2,0,30,0,39,,1188,2,0,30,0,60,,1198,2,,,0,40,,1189,2,,,0,100,,1190,2,0,30,0,100,,1191,2,0,30,0,108,,1192,2,,,0,95,,1193,2,0,30,0,89,,1194,2,0,30,0,104,,1196,2,0,30,0,111,,1197,2,0,30,0,168,,1195,2,0,30,0
301,'4616',815,,1222,2,,,0,35,,1224,2,,,0,176,,1223,2,,,0,90,,1226,2,,,0,115,,1225,2,,,0,120,,1227,2,,,0,160,,1228,2,,,0,35,,1229,2,,,0,303,,1230,2,,,0
301,'4619',1620,,1199,2,0,30,0,101,,1200,2,0,30,0,194,,1201,2,,,0,115,,1202,2,,,0,115,,1203,2,,,0,105,,1204,2,,,0
301,'4931',1620,,1211,2,0,30,0,101,,1212,2,0,30,0,194,,1213,2,,,0,115,,1214,2,,,0,115,,1215,2,,,0
301,'5291',1010,,1231,2,,,0
301,'5295',1010,,1232,2,,,0
1500,'5295',830,,1345,2,,,0,575,,1346,2,,,0,245,,1347,2,,,0
7201,'5291',720,,1741,5,0,36,0,526,,1740,5,,,0,470,,1742,5,,,0
7601,'5294',944,,1767,38,4,,0
