4300,'4614',1023,,2081,29,,,0,217,,2083,29,,,0,178,,2087,26,,,0,128,,2090,34,,,0,63,,2088,26,,,0,139,,2084,26,,,0,164,,2089,29,,,0
4300,'4619',2151,,2092,29,,,0
4300,'5439',1023,,1547,29,,,0,217,,1549,29,,,0,178,,1553,26,,,0,128,,1556,29,,,0,63,,1554,26,,,0,139,,1550,26,,,0,164,,1555,29,,,0
4300,'5443',2151,,1546,29,,,0
4300,'5444',922,,2099,29,,,0,201,,2093,29,,,0,312,,2095,29,,,0,182,,2096,29,,,0,126,,2097,29,,,0,167,,2098,29,,,0
4300,'5446',1023,,2100,29,,,0,217,,2102,29,,,0,178,,2106,26,,,0,128,,2109,29,,,0,63,,2107,26,,,0,139,,2103,26,,,0,164,,2108,29,,,0
4300,'5448',2151,,2111,29,,,0
4300,'5449',922,,2118,29,,,0,201,,2112,29,,,0,312,,2114,29,,,0,182,,2115,29,,,0,126,,2116,29,,,0,167,,2117,29,,,0
24004300,'4614',541,,2322,8,,,0,95,,2320,8,,,0,73,,2319,8,,,0,132,,2321,8,,,0
24004300,'5439',541,,1890,8,,,0,95,,1888,8,,,0,73,,1887,8,,,0,132,,1889,8,,,0
24004300,'5444',742,,2323,8,,,0
24004300,'5446',541,,2327,8,,,0,95,,2325,8,,,0,73,,2324,8,,,0,132,,2326,8,,,0
24004300,'5449',742,,2328,8,,,0
