1000,'4614',920,,1289,34,,,0,500,,1291,34,,,0,227,,1290,34,,,0,272,,1292,34,,,0,196,,1293,34,,,0
1000,'4616',1058,,1300,34,,,0,500,,1301,34,,,0,365,,1302,34,,,0
1000,'5087',920,,1306,34,,,0,500,,1295,34,,,0,227,,1294,34,,,0,272,,1296,34,,,0,196,,1297,34,,,0
1000,'5274',1240,,1298,34,,,0
1000,'5276',1240,,1299,34,,,0
1000,'5291',1240,,1303,34,,,0
1000,'5295',1240,,1304,34,,,0
7600,'5281',1035,,1749,26,,,0
7600,'5294',1035,,1755,26,,,0
24001000,'4614',634,,1870,22,,,0,105,,1872,22,,,0,1000,,1871,29,,,0
24001000,'4616',732,,1873,22,,,0
24001000,'5087',634,,1877,22,,,0,105,,1879,22,,,0,1000,,1878,29,,,0
