1,100,'4614',1014,1015,1016,1017,1018,1019,1020,1021,1022,1023,1024,1025,1026,1027,1028,1029,1030
1,100,'4616',1054,1055,1056,1057,1058,1059,1060,1061,1062,1063,1064
1,100,'4619',1031,1032,1033,1034,1035
1,100,'4931',1041,1042,1043,1044
1,100,'5291',1065,1066
1,100,'5295',1067,1068
2,201,'4614',1101,1102,1103,1104,1105,1106,1107,1108,1109,1110,1111,1112,1113,1114,1115,1116
2,201,'4616',1139,1140,1141,1142,1143,1144,1145,1146,1147,1148
2,201,'4619',1117,1118,1119,1120,1121,1122
2,201,'4931',1129,1130,1131,1132,1133
2,201,'5291',1149
2,201,'5295',1150
3,301,'4614',1183,1184,1185,1186,1187,1188,1189,1190,1191,1192,1193,1194,1195,1196,1197,1198
3,301,'4616',1222,1223,1224,1225,1226,1227,1228,1229,1230
3,301,'4619',1199,1200,1201,1202,1203,1204
3,301,'4931',1211,1212,1213,1214,1215
3,301,'5291',1231
3,301,'5295',1232
4,400,'4614',1267,1268
4,400,'4616',1272
4,400,'4619',1269
4,400,'4931',1271
4,401,'4614',1279,1280,1281
4,401,'4616',1282
10,1000,'4614',1289,1290,1291,1292,1293
10,1000,'4616',1300,1301,1302
10,1000,'5291',1303
10,1000,'5295',1304
10,1001,'4614',1307,1308,1309,1310,1311,1312,1313
10,1001,'4616',1319,1320,1321
10,1001,'5291',1322
10,1001,'5295',1323
14,1401,'4614',1332
14,1401,'5291',1338,1339
14,1401,'5295',1340,1341
15,1500,'5295',1345,1346,1347
20,2000,'4614',1348,1349,1350,1351,1352
20,2000,'4616',1359,1360,1361,1362
20,2000,'5291',1363
20,2000,'5295',1364
20,2001,'4614',1367,1368,1369,1370,1371
20,2001,'4616',1378,1379,1380,1381
20,2001,'5291',1382
20,2001,'5295',1383
31,3101,'4614',1907,1908,1909,1910,1911,1912,1913,1914,1915,1916,1917,1918,1919,1920
31,3101,'4616',1943,1944,1945,1946,1947,1948,1949,1950
32,3201,'4614',1951,1952,1953,1954,1955,1956,1957,1958,1959
32,3201,'4616',1972,1973,1974
33,3300,'4614',1975,1976,1977,1978,1979,1980
33,3300,'4616',1990,1991,1992
33,3301,'4614',1993,1994,1995,1996,1997,1998,1999
33,3301,'4616',2010,2011,2012
34,3400,'4614',2013,2014,2015,2016,2017,2018,2019,2020,2021,2022
34,3400,'4616',2036,2037,2038
36,3601,'4614',2039,2040,2041
38,3800,'5293',2045,2046
41,4101,'4614',2049,2050,2051,2052,2053,2054
41,4101,'4616',2064,2065,2066
42,4200,'4614',2067,2068,2069,2070
42,4200,'4616',2078,2079,2080
43,4300,'4614',2081,2082,2083,2084,2085,2086,2087,2088,2089,2090,2091
43,4300,'4616',2112,2113,2114,2115,2116,2117,2118
43,4300,'4619',2092
43,4301,'4614',2119,2120,2121,2122,2123,2124,2125,2126,2127,2128,2129,2130
43,4301,'4616',2148,2149,2150,2151,2152
44,4401,'4614',2153,2154,2155,2156,2157,2158,2159,2160,2161,2162,2163,2164
44,4401,'4616',2184,2185,2186,2187,2188
44,4401,'4619',2165
45,4500,'4614',2189,2190,2191,2192
46,4600,'4614',2197,2198,2199,2200,2201,2202,2203,2204,2205,2206
46,4600,'4616',2224,2225,2226,2227,2228
46,4600,'4619',2207
46,4601,'4614',2229,2230,2231,2232,2233,2234,2235,2236,2237,2238,2239
46,4601,'4616',2258,2259,2260,2261,2262
46,4601,'4619',2240
51,5100,'4619',1689,1690
51,5100,'5296',1695,1696
51,5100,'5299',1697,1698
52,5200,'5296',1706,1707,1708
52,5201,'5296',1712,1713,1714
53,5300,'4619',1715,1716
53,5301,'4619',1719,1720
57,5700,'4619',1723,1724
58,5801,'5297',1729,1730
72,7200,'5291',1734,1735,1736
72,7201,'5291',1740,1741,1742
74,7400,'5292',1744
74,7401,'5292',1746
76,7600,'5289',1753
76,7600,'5290',1754
76,7600,'5294',1755
76,7600,'5296',1756
76,7600,'5297',1757,1758
76,7601,'5289',1765
76,7601,'5290',1766
76,7601,'5294',1767
76,7601,'5296',1768
76,7601,'5297',1769,1770
98,9800,'4614',2263,2264,2265,2266,2267,2268,2269,2270
98,9800,'4616',2284,2285,2286
98,9800,'4619',2271
98,9801,'4614',2287,2288,2289,2290,2291,2292,2293,2294,2295,2296,2297
98,9801,'4616',2315,2316,2317,2318
98,9801,'4619',2298
99,9900,'4614',1820,1821,1822,1823,1824,1825,1826,1827
99,9900,'4616',1831,1832,1833
99,9901,'4614',1844,1845,1846,1847,1848,1849,1850,1851
99,9901,'4616',1855,1856,1857
180002,18000201,'4614',1868
240010,24001000,'4614',1870,1871,1872
240010,24001000,'4616',1873
240010,24001001,'4614',1880
240010,24001001,'4616',1882
240043,24004300,'4614',2319,2320,2321,2322
240043,24004300,'4616',2328
240043,24004301,'4614',2329,2330,2331,2332,2333
240043,24004301,'4616',2344,2345,2346
240043,24004301,'4619',2334
