100,'4614',642,,1016,15,,,0,109,,1015,22,,,0,71,,1014,22,,,0,34,,1017,29,,,0,3,,1025,11,,,0,73,,1030,22,,,0,78,,1026,22,,,0,122,,1019,22,,,0,25,,1018,29,,,0,161,,1020,22,,,0,10,,1027,11,,,0,72,,1021,29,,,0,111,,1022,29,,,0,95,,1023,29,,,0,112,,1028,29,,,0,94,,1029,29,,,0,45,,1024,29,,,0
100,'4616',843,,1054,22,,,0,75,,1056,22,,,0,99,,1057,29,,,0,37,,1055,22,,,0,90,,1058,22,,,0,115,,1059,22,,,0,160,,1060,22,,,0,120,,1061,22,,,0,75,,1062,22,,,0,108,,1063,29,,,0,195,,1064,22,,,0
100,'4619',1532,,1031,22,,,0,411,,1032,22,,,0,115,,1033,22,,,0,153,,1034,22,,,0,105,,1035,22,,,0
100,'4931',1532,,1041,22,,,0,411,,1042,22,,,0,115,,1043,22,,,0,153,,1044,22,,,0
100,'5291',1041,,1065,22,,,0,67,,1066,29,,,0
100,'5295',1041,,1067,22,,,0,67,,1068,29,,,0
201,'4614',831,,1103,33,,,0
301,'4614',817,,1184,18,0,13,0,39,,1188,18,0,13,0,200,,1190,18,0,13,0,100,,1191,18,0,13,0,203,,1193,18,0,13,0,89,,1194,18,0,13,0,103,,1196,18,0,13,0,151,,1197,18,0,13,0,128,,1195,18,0,13,0
301,'4619',1635,,1199,18,0,13,0,101,,1200,18,0,13,0
301,'4931',1635,,1211,18,0,13,0,101,,1212,18,0,13,0
7200,'5291',844,,1735,5,,,0,575,,1734,5,,,0,421,,1736,3,0,37,0
