1001,'4614',653,,1307,5,,,0,105,,1311,5,,,0,185,,1308,5,,,0,505,,1312,5,,,0,270,,1309,5,,,0,90,,1310,5,,,0,140,,1313,5,,,0
1001,'4616',753,,1319,5,,,0,375,,1320,5,,,0,820,,1321,5,,,0
1001,'5087',653,,1328,5,,,0,105,,1331,5,,,0,185,,1329,5,,,0,505,,1315,5,,,0,270,,1314,5,,,0,90,,1330,5,,,0,140,,1316,5,,,0
1001,'5274',1308,,1317,5,,,0
1001,'5276',1308,,1318,5,,,0
1001,'5291',1308,,1322,5,,,0
1001,'5295',1308,,1323,5,,,0
7601,'5281',907,,1761,10,,,0
7601,'5294',907,,1767,10,,,0
24001001,'4614',2137,,1880,5,,,0
24001001,'4616',1623,,1882,5,,,0
24001001,'5087',2137,,1881,5,,,0
