100,'4614',839,,1017,4,0,29,0,283,,1019,4,0,29 2 35 23,0,20,,1018,4,0,29,0,202,,1021,4,0,29,0,110,,1022,4,0,29,0,96,,1023,4,0,29,0,152,,1028,4,0,29,0,55,,1029,4,0,29,0,85,,1024,4,0,29,0
100,'4616',1002,,1057,4,0,29,0,705,,1063,4,0,29,0
100,'4619',1521,,1031,4,0,29 2 35 23,0
100,'4931',1521,,1041,4,0,29 2 35 23,0
100,'5291',1052,,1066,4,0,29,0
100,'5295',1052,,1068,4,0,29,0
301,'4614',633,,1187,18,,,0,102,,1186,18,,,0,70,,1183,18,,,0,110,,1198,18,,,0,39,,1189,18,,,0,348,,1192,18,,,0
301,'4616',828,,1222,18,,,0,75,,1224,18,,,0,136,,1223,18,,,0,90,,1226,18,,,0,115,,1225,18,,,0,160,,1227,18,,,0,120,,1228,18,,,0,35,,1229,18,,,0,343,,1230,18,,,0
301,'4619',1928,,1201,18,,,0,115,,1202,18,,,0,114,,1203,18,,,0,145,,1204,18,,,0
301,'4931',1928,,1213,18,,,0,115,,1214,18,,,0,114,,1215,18,,,0
301,'5291',1024,,1231,18,,,0
301,'5295',1024,,1232,18,,,0
