100,'4614',838,,1017,3,0,29,0,13,,1025,3,0,23 16,0,270,,1019,3,0,29 2 35 23,0,20,,1018,3,0,29,0,180,,1027,3,0,23 16,0,22,,1021,3,0,29,0,110,,1022,3,0,29,0,96,,1023,3,0,29,0,152,,1028,3,0,29,0,55,,1029,3,0,29,0,85,,1024,3,0,29,0
100,'4616',1001,,1057,3,0,29,0,705,,1063,3,0,29,0
100,'4619',1520,,1031,3,0,29 2 35 23,0
100,'4931',1520,,1041,3,0,29 2 35 23,0
100,'5291',1051,,1066,3,0,29,0
100,'5295',1051,,1068,3,0,29,0
301,'4614',621,,1187,3,,,0,100,,1186,3,,,0,15,,1185,3,0,5 6 16,0,14,,1183,3,,,0,51,,1184,3,0,30,0,40,,1188,3,0,30,0,60,,1198,3,,,0,40,,1189,3,,,0,100,,1190,3,0,30,0,100,,1191,3,0,30,0,108,,1192,3,,,0,95,,1193,3,0,30,0,89,,1194,3,0,30,0,103,,1196,3,0,30,0,112,,1197,3,0,30,0,168,,1195,3,0,30,0
301,'4616',816,,1222,3,,,0,35,,1224,3,,,0,175,,1223,3,,,0,90,,1226,3,,,0,115,,1225,3,,,0,120,,1227,3,,,0,160,,1228,3,,,0,35,,1229,3,,,0,303,,1230,3,,,0
301,'4619',1621,,1199,3,0,30,0,101,,1200,3,0,30,0,194,,1201,3,,,0,115,,1202,3,,,0,115,,1203,3,,,0,105,,1204,3,,,0
301,'4931',1621,,1211,3,0,30,0,101,,1212,3,0,30,0,194,,1213,3,,,0,115,,1214,3,,,0,115,,1215,3,,,0
301,'5291',1011,,1231,3,,,0
301,'5295',1011,,1232,3,,,0
1500,'5295',831,,1345,3,,,0,575,,1346,3,,,0,245,,1347,3,,,0
7201,'5291',720,,1741,6,0,36,0,527,,1740,6,,,0,470,,1742,6,,,0
