4300,'4614',1512,,2090,6,,,0
4301,'4614',825,,2129,28,,,0
4401,'4614',706,,2153,7,0,21,0,14,,2153,24,,,0,16,,2164,7,0,21,0,14,,2164,24,,,0,66,,2155,7,0,21,0,16,,2155,24,,,0,171,,2156,7,0,22 23 16,0,121,,2157,7,0,21,0,14,,2157,24,,,0,73,,2163,7,0,22 23 16,0,191,,2154,7,0,21,0,14,,2154,24,,,0,97,,2160,7,0,21,0,17,,2160,24,,,0,173,,2158,7,0,22 23 16,0,16,,2159,7,0,21,0,14,,2159,24,,,0,74,,2162,7,0,21,0,14,,2162,24,,,0
4401,'4619',2002,,2165,7,0,22 23 16,0
4401,'5439',706,,1608,7,0,21,0,14,,1608,24,,,0,16,,1619,7,0,21,0,14,,1619,24,,,0,66,,1610,7,0,21,0,16,,1610,24,,,0,171,,1611,7,0,22 23 16,0,121,,1612,7,0,21,0,14,,1612,24,,,0,73,,1618,7,0,22 23 16,0,191,,1609,7,0,21,0,14,,1609,24,,,0,97,,1615,7,0,21,0,17,,1615,24,,,0,173,,1613,7,0,22 23 16,0,16,,1614,7,0,21,0,14,,1614,24,,,0,74,,1617,7,0,21,0,14,,1617,24,,,0
4401,'5443',2002,,1607,7,0,22 23 16,0
4401,'5444',829,,2168,7,0,21,0,14,,2168,24,,,0,182,,2170,7,0,21,0,14,,2170,24,,,0,165,,2169,7,0,21,0,14,,2169,24,,,0,306,,2166,7,0,21,0,14,,2166,24,,,0,113,,2167,7,0,21,0,54,,2167,24,,,0
4401,'5446',706,,2171,7,0,21,0,14,,2171,24,,,0,16,,2182,7,0,21,0,14,,2182,24,,,0,66,,2173,7,0,21,0,16,,2173,24,,,0,171,,2174,7,0,22 23 16,0,121,,2175,7,0,21,0,14,,2175,24,,,0,73,,2181,7,0,22 23 16,0,191,,2172,7,0,21,0,14,,2172,24,,,0,97,,2178,7,0,21,0,17,,2178,24,,,0,173,,2176,7,0,22 23 16,0,16,,2177,7,0,21,0,14,,2177,24,,,0,74,,2180,7,0,21,0,14,,2180,24,,,0
4401,'5448',2002,,2183,7,0,22 23 16,0
4401,'5449',829,,2186,7,0,21,0,14,,2186,24,,,0,182,,2188,7,0,21,0,14,,2188,24,,,0,165,,2187,7,0,21,0,14,,2187,24,,,0,306,,2184,7,0,21,0,14,,2184,24,,,0,113,,2185,7,0,21,0,54,,2185,24,,,0
9800,'4614',1517,,2265,7,0,7 8 2 9 2 10,0
9800,'5439',1517,,1783,7,0,7 8 2 9 2 10,0
9800,'5446',1517,,2277,7,0,7 8 2 9 2 10,0
24004301,'4614',801,,2331,20,,,0
