1000,'4614',916,,1289,29,,,0,500,,1291,29,,,0,227,,1290,29,,,0,272,,1292,29,,,0,196,,1293,29,,,0
1000,'4616',1054,,1300,29,,,0,500,,1301,29,,,0,365,,1302,29,,,0
1000,'5087',916,,1306,29,,,0,500,,1295,29,,,0,227,,1294,29,,,0,272,,1296,29,,,0,196,,1297,29,,,0
1000,'5274',1236,,1298,29,,,0
1000,'5276',1236,,1299,29,,,0
1000,'5291',1236,,1303,29,,,0
1000,'5295',1236,,1304,29,,,0
7600,'5281',1030,,1749,21,,,0
7600,'5294',1030,,1755,21,,,0
24001000,'4614',630,,1870,17,,,0,105,,1872,17,,,0,1000,,1871,24,,,0
24001000,'4616',728,,1873,17,,,0
24001000,'5087',630,,1877,17,,,0,105,,1879,17,,,0,1000,,1878,24,,,0
