100,'4614',840,,1017,7,0,29,0,283,,1019,7,0,29 2 35 23,0,20,,1018,7,0,29,0,202,,1021,7,0,29,0,110,,1022,7,0,29,0,96,,1023,7,0,29,0,152,,1028,7,0,29,0,55,,1029,7,0,29,0,85,,1024,7,0,29,0
100,'4616',1003,,1057,7,0,29,0,705,,1063,7,0,29,0
100,'4619',1522,,1031,7,0,29 2 35 23,0
100,'4931',1522,,1041,7,0,29 2 35 23,0
100,'5291',1053,,1066,7,0,29,0
100,'5295',1053,,1068,7,0,29,0
301,'4614',634,,1187,21,,,0,102,,1186,21,,,0,70,,1183,21,,,0,110,,1198,21,,,0,39,,1189,21,,,0,348,,1192,21,,,0
301,'4616',829,,1222,21,,,0,75,,1224,21,,,0,136,,1223,21,,,0,90,,1226,21,,,0,115,,1225,21,,,0,160,,1227,21,,,0,120,,1228,21,,,0,75,,1229,21,,,0,303,,1230,21,,,0
301,'4619',1929,,1201,21,,,0,115,,1202,21,,,0,115,,1203,21,,,0,145,,1204,21,,,0
301,'4931',1929,,1213,21,,,0,115,,1214,21,,,0,115,,1215,21,,,0
301,'5291',1025,,1231,21,,,0
301,'5295',1025,,1232,21,,,0
