4500,'4614',617,,2190,10,,,0,8,,2191,7,,,0,19,,2191,16,,,0,8,,2192,10,,,0,876,,2189,10,,,0
4500,'5439',617,,1630,10,,,0,8,,1631,7,,,0,19,,1631,16,,,0,8,,1632,10,,,0,876,,1629,10,,,0
4500,'5446',617,,2194,10,,,0,8,,2195,7,,,0,19,,2195,16,,,0,8,,2196,10,,,0,876,,2193,10,,,0
4600,'4614',815,,2202,14,0,11,0,120,,2197,14,0,11,0,118,,2201,19,0,11,0,103,,2205,14,0,11,0,183,,2204,19,0,11,0,109,,2198,14,0,11,0,77,,2199,14,0,11,0,119,,2200,19,0,11,0,163,,2203,14,0,11,0,141,,2206,14,0,11,0
4600,'4619',2114,,2207,14,0,11,0
4600,'5439',815,,1650,14,0,11,0,120,,1645,14,0,11,0,118,,1649,19,0,11,0,103,,1653,14,0,11,0,183,,1652,19,0,11,0,109,,1646,14,0,11,0,77,,1647,14,0,11,0,119,,1648,19,0,11,0,163,,1651,14,0,11,0,141,,1654,14,0,11,0
4600,'5443',2114,,1644,14,0,11,0
4600,'5444',842,,2212,19,0,11,0,308,,2211,19,0,11,0,357,,2208,19,0,11,0,195,,2209,19,0,11,0,225,,2210,5,0,11,0
4600,'5446',815,,2218,14,0,11,0,120,,2213,14,0,11,0,118,,2217,19,0,11,0,103,,2221,14,0,11,0,183,,2220,19,0,11,0,109,,2214,14,0,11,0,77,,2215,14,0,11,0,119,,2216,19,0,11,0,163,,2219,14,0,11,0,141,,2222,14,0,11,0
4600,'5448',2114,,2223,14,0,11,0
4600,'5449',842,,2228,19,0,11,0,308,,2227,19,0,11,0,357,,2224,19,0,11,0,195,,2225,19,0,11,0,225,,2226,5,0,11,0
