4600,'4614',1048,,2201,16,0,11,0,286,,2204,16,0,11,0,305,,2200,16,0,11,0
4600,'5439',1048,,1649,16,0,11,0,286,,1652,16,0,11,0,305,,1648,16,0,11,0
4600,'5444',837,,2212,16,0,11,0,308,,2211,16,0,11,0,357,,2208,16,0,11,0,155,,2209,16,0,11,0
4600,'5446',1048,,2217,16,0,11,0,286,,2220,16,0,11,0,305,,2216,16,0,11,0
4600,'5449',837,,2228,16,0,11,0,308,,2227,16,0,11,0,357,,2224,16,0,11,0,155,,2225,16,0,11,0
4601,'4614',957,,2236,7,,,0,286,,2237,7,,,0,304,,2231,7,,,0
4601,'5439',957,,1680,7,,,0,286,,1681,7,,,0,304,,1675,7,,,0
4601,'5444',1054,,2244,7,,,0,356,,2241,7,,,0,195,,2242,7,,,0
4601,'5446',957,,2253,7,,,0,286,,2254,7,,,0,304,,2248,7,,,0
4601,'5449',1054,,2261,7,,,0,356,,2258,7,,,0,195,,2259,7,,,0
