4300,'4614',1039,,2081,48,,,0,218,,2083,48,,,0,178,,2087,45,,,0,168,,2090,53,,,0,22,,2088,45,,,0,179,,2084,45,,,0,124,,2089,48,,,0
4300,'5439',1039,,1547,48,,,0,218,,1549,48,,,0,178,,1553,45,,,0,168,,1556,48,,,0,22,,1554,45,,,0,179,,1550,45,,,0,124,,1555,48,,,0
4300,'5444',938,,2099,48,,,0,201,,2093,48,,,0,312,,2095,48,,,0,182,,2096,48,,,0,126,,2097,48,,,0,167,,2098,48,,,0
4300,'5446',1039,,2100,48,,,0,218,,2102,48,,,0,178,,2106,45,,,0,168,,2109,48,,,0,22,,2107,45,,,0,179,,2103,45,,,0,124,,2108,48,,,0
4300,'5449',938,,2118,48,,,0,201,,2112,48,,,0,312,,2114,48,,,0,182,,2115,48,,,0,126,,2116,48,,,0,167,,2117,48,,,0
24004300,'4614',555,,2322,27,,,0,95,,2320,27,,,0,75,,2319,27,,,0,132,,2321,27,,,0
24004300,'5439',555,,1890,27,,,0,95,,1888,27,,,0,75,,1887,27,,,0,132,,1889,27,,,0
24004300,'5444',758,,2323,27,,,0
24004300,'5446',555,,2327,27,,,0,95,,2325,27,,,0,75,,2324,27,,,0,132,,2326,27,,,0
24004300,'5449',758,,2328,27,,,0
