2001,'4614',510,,1367,11,,,0,220,,1368,11,,,0,325,,1369,13,,,0,577,,1370,13,,,0,122,,1371,13,,,0
2001,'4616',543,,1380,11,,,0,497,,1381,13,,,0,490,,1378,13,,,0,205,,1379,1,,,0
2001,'5087',510,,1372,11,,,0,220,,1373,11,,,0,325,,1385,13,,,0,577,,1374,13,,,0,122,,1375,13,,,0
2001,'5274',755,,1376,11,4,,0
2001,'5276',755,,1377,11,4,,0
2001,'5291',755,,1382,11,4,,0
2001,'5295',755,,1383,11,4,,0
3800,'5293',940,,2046,6,,,0,410,,2045,6,,,0
3800,'5447',940,,2048,6,,,0,410,,2047,6,,,0
7400,'5278',1636,,1743,14,,,0
7400,'5292',1636,,1744,14,,,0
9901,'4614',620,,1844,11,,,0,91,,1845,11,,,0,115,,1846,11,,,0,181,,1847,11,,,0,220,,1848,11,,,0,309,,1849,11,,,0,104,,1850,11,,,0,88,,1851,11,,,0
9901,'4616',908,,1855,11,,,0,344,,1856,11,,,0,475,,1857,11,,,0
9901,'5087',620,,1863,11,,,0,91,,1864,11,,,0,115,,1852,11,,,0,181,,1853,11,,,0,220,,1865,11,,,0,309,,1866,11,,,0,104,,1854,11,,,0,88,,1867,11,,,0
