2000,'4614',718,,1348,47,,,0,225,,1349,47,,,0,362,,1350,47,,,0,531,,1351,37,,,0,119,,1352,37,,,0
2000,'4616',755,,1360,46,,,0,546,,1362,46,,,0,645,,1359,38,,,0
2000,'5087',718,,1353,47,,,0,225,,1354,47,,,0,362,,1366,47,,,0,531,,1355,37,,,0,119,,1356,37,,,0
2000,'5274',814,,1357,9,,,0
2000,'5276',814,,1358,9,,,0
2000,'5291',814,,1363,9,,,0
2000,'5295',814,,1364,9,,,0
7401,'5278',1003,,1745,41,,,0
7401,'5292',1003,,1746,41,,,0
9900,'4614',721,,1820,22,,,0,88,,1821,22,,,0,115,,1822,22,,,0,182,,1823,22,,,0,223,,1824,22,,,0,311,,1825,22,,,0,98,,1826,22,,,0,89,,1827,22,,,0
9900,'4616',1008,,1831,22,,,0,344,,1832,22,,,0,479,,1833,22,,,0
9900,'5087',721,,1839,22,,,0,88,,1840,22,,,0,115,,1828,22,,,0,182,,1829,22,,,0,223,,1841,22,,,0,311,,1842,22,,,0,98,,1830,22,,,0,89,,1843,22,,,0
