4301,'4614',1058,,2125,12,,,0,258,,2119,12,,,0,138,,2121,12,,,0,169,,2127,12,,,0,200,,2126,12,,,0,123,,2128,12,,,0
4301,'5439',1058,,1583,12,,,0,258,,1577,12,,,0,138,,1579,12,,,0,169,,1585,12,,,0,200,,1584,12,,,0,123,,1586,12,,,0
4301,'5444',816,,2135,12,,,0,141,,2134,12,,,0,201,,2131,12,,,0,352,,2133,12,,,0
4301,'5446',1058,,2142,12,,,0,258,,2136,12,,,0,138,,2138,12,,,0,169,,2144,12,,,0,200,,2143,12,,,0,123,,2145,12,,,0
4301,'5449',816,,2152,12,,,0,141,,2151,12,,,0,201,,2148,12,,,0,352,,2150,12,,,0
24004301,'4614',613,,2333,12,,,0,95,,2330,12,,,0,36,,2331,12,,,0,172,,2332,12,,,0,728,,2329,12,,,0
24004301,'5439',613,,1903,12,,,0,95,,1900,12,,,0,36,,1901,12,,,0,172,,1902,12,,,0,728,,1899,12,,,0
24004301,'5444',1651,,2336,12,,,0,166,,2335,12,,,0,127,,2337,12,,,0
24004301,'5446',613,,2342,12,,,0,95,,2339,12,,,0,36,,2340,12,,,0,172,,2341,12,,,0,728,,2338,12,,,0
24004301,'5449',1651,,2345,12,,,0,166,,2344,12,,,0,127,,2346,12,,,0
