4300,'4614',1045,,2081,54,4,,0,258,,2083,54,4,,0,138,,2087,51,4,,0,168,,2090,59,4,,0,22,,2088,51,4,,0,179,,2084,51,4,,0,124,,2089,54,4,,0
4300,'5439',1045,,1547,54,4,,0,258,,1549,54,4,,0,138,,1553,51,4,,0,168,,1556,54,4,,0,22,,1554,51,4,,0,179,,1550,51,4,,0,124,,1555,54,4,,0
4300,'5444',944,,2099,54,4,,0,201,,2093,54,4,,0,312,,2095,54,4,,0,182,,2096,54,4,,0,166,,2097,54,4,,0,127,,2098,54,4,,0
4300,'5446',1045,,2100,54,4,,0,258,,2102,54,4,,0,138,,2106,51,4,,0,168,,2109,54,4,,0,22,,2107,51,4,,0,179,,2103,51,4,,0,124,,2108,54,4,,0
4300,'5449',944,,2118,54,4,,0,201,,2112,54,4,,0,312,,2114,54,4,,0,182,,2115,54,4,,0,166,,2116,54,4,,0,127,,2117,54,4,,0
4301,'4614',1048,,2125,1,,,0,258,,2119,1,,,0,138,,2121,1,,,0,169,,2127,1,,,0,200,,2126,1,,,0,124,,2128,1,,,0
4301,'5439',1048,,1583,1,,,0,258,,1577,1,,,0,138,,1579,1,,,0,169,,1585,1,,,0,200,,1584,1,,,0,124,,1586,1,,,0
4301,'5444',806,,2135,1,,,0,141,,2134,1,,,0,201,,2131,1,,,0,352,,2133,1,,,0
4301,'5446',1048,,2142,1,,,0,258,,2136,1,,,0,138,,2138,1,,,0,169,,2144,1,,,0,200,,2143,1,,,0,124,,2145,1,,,0
4301,'5449',806,,2152,1,,,0,141,,2151,1,,,0,201,,2148,1,,,0,352,,2150,1,,,0
24004300,'4614',601,,2322,33,4,,0,55,,2320,33,4,,0,75,,2319,33,4,,0,172,,2321,33,4,,0
24004300,'5439',601,,1890,33,4,,0,55,,1888,33,4,,0,75,,1887,33,4,,0,172,,1889,33,4,,0
24004300,'5444',804,,2323,33,4,,0
24004300,'5446',601,,2327,33,4,,0,55,,2325,33,4,,0,75,,2324,33,4,,0,172,,2326,33,4,,0
24004300,'5449',804,,2328,33,4,,0
24004301,'4614',604,,2333,1,,,0,55,,2330,1,,,0,75,,2331,1,,,0,172,,2332,1,,,0,728,,2329,1,,,0
24004301,'5439',604,,1903,1,,,0,55,,1900,1,,,0,75,,1901,1,,,0,172,,1902,1,,,0,728,,1899,1,,,0
24004301,'5444',1641,,2336,1,,,0,166,,2335,1,,,0,127,,2337,1,,,0
24004301,'5446',604,,2342,1,,,0,55,,2339,1,,,0,75,,2340,1,,,0,172,,2341,1,,,0,728,,2338,1,,,0
24004301,'5449',1641,,2345,1,,,0,166,,2344,1,,,0,127,,2346,1,,,0
