4300,'4614',1027,,2081,34,,,0,217,,2083,34,,,0,178,,2087,31,,,0,128,,2090,39,,,0,63,,2088,31,,,0,139,,2084,31,,,0,164,,2089,34,,,0
4300,'4619',2154,,2092,34,,,0
4300,'5439',1027,,1547,34,,,0,217,,1549,34,,,0,178,,1553,31,,,0,128,,1556,34,,,0,63,,1554,31,,,0,139,,1550,31,,,0,164,,1555,34,,,0
4300,'5443',2154,,1546,34,,,0
4300,'5444',925,,2099,34,,,0,201,,2093,34,,,0,312,,2095,34,,,0,182,,2096,34,,,0,126,,2097,34,,,0,167,,2098,34,,,0
4300,'5446',1027,,2100,34,,,0,217,,2102,34,,,0,178,,2106,31,,,0,128,,2109,34,,,0,63,,2107,31,,,0,139,,2103,31,,,0,164,,2108,34,,,0
4300,'5448',2154,,2111,34,,,0
4300,'5449',925,,2118,34,,,0,201,,2112,34,,,0,312,,2114,34,,,0,182,,2115,34,,,0,126,,2116,34,,,0,167,,2117,34,,,0
24004300,'4614',544,,2322,13,,,0,95,,2320,13,,,0,73,,2319,13,,,0,132,,2321,13,,,0
24004300,'5439',544,,1890,13,,,0,95,,1888,13,,,0,73,,1887,13,,,0,132,,1889,13,,,0
24004300,'5444',745,,2323,13,,,0
24004300,'5446',544,,2327,13,,,0,95,,2325,13,,,0,73,,2324,13,,,0,132,,2326,13,,,0
24004300,'5449',745,,2328,13,,,0
