4300,'4614',1041,,2081,51,,,0,218,,2083,51,,,0,178,,2087,48,,,0,168,,2090,56,,,0,22,,2088,48,,,0,179,,2084,48,,,0,124,,2089,51,,,0
4300,'5439',1041,,1547,51,,,0,218,,1549,51,,,0,178,,1553,48,,,0,168,,1556,51,,,0,22,,1554,48,,,0,179,,1550,48,,,0,124,,1555,51,,,0
4300,'5444',940,,2099,51,,,0,201,,2093,51,,,0,312,,2095,51,,,0,182,,2096,51,,,0,166,,2097,51,,,0,127,,2098,51,,,0
4300,'5446',1041,,2100,51,,,0,218,,2102,51,,,0,178,,2106,48,,,0,168,,2109,51,,,0,22,,2107,48,,,0,179,,2103,48,,,0,124,,2108,51,,,0
4300,'5449',940,,2118,51,,,0,201,,2112,51,,,0,312,,2114,51,,,0,182,,2115,51,,,0,166,,2116,51,,,0,127,,2117,51,,,0
24004300,'4614',558,,2322,30,,,0,95,,2320,30,,,0,74,,2319,30,,,0,132,,2321,30,,,0
24004300,'5439',558,,1890,30,,,0,95,,1888,30,,,0,74,,1887,30,,,0,132,,1889,30,,,0
24004300,'5444',800,,2323,30,,,0
24004300,'5446',558,,2327,30,,,0,95,,2325,30,,,0,74,,2324,30,,,0,132,,2326,30,,,0
24004300,'5449',800,,2328,30,,,0
