4301,'4614',718,,2120,3,,,0,84,,2129,3,,,0,122,,2123,3,,,0,181,,2125,15,,,0,30,,2124,3,,,0,188,,2119,15,,,0,111,,2130,3,,,0,67,,2121,15,,,0,129,,2127,15,,,0,200,,2126,15,,,0,123,,2128,15,,,0
4301,'5439',718,,1578,3,,,0,84,,1587,3,,,0,122,,1581,3,,,0,181,,1583,15,,,0,30,,1582,3,,,0,188,,1577,15,,,0,111,,1588,3,,,0,67,,1579,15,,,0,129,,1585,15,,,0,200,,1584,15,,,0,123,,1586,15,,,0
4301,'5444',823,,2135,15,,,0,181,,2134,15,,,0,202,,2131,15,,,0,121,,2132,3,,,0,191,,2133,15,,,0
4301,'5446',718,,2137,3,,,0,84,,2146,3,,,0,122,,2140,3,,,0,181,,2142,15,,,0,30,,2141,3,,,0,188,,2136,15,,,0,111,,2147,3,,,0,67,,2138,15,,,0,129,,2144,15,,,0,200,,2143,15,,,0,123,,2145,15,,,0
4301,'5449',823,,2152,15,,,0,181,,2151,15,,,0,202,,2148,15,,,0,121,,2149,3,,,0,191,,2150,15,,,0
24004301,'4614',620,,2333,15,,,0,95,,2330,15,,,0,36,,2331,15,,,0,172,,2332,15,,,0,728,,2329,15,,,0
24004301,'4619',2211,,2334,11,,,0
24004301,'5439',620,,1903,15,,,0,95,,1900,15,,,0,36,,1901,15,,,0,172,,1902,15,,,0,728,,1899,15,,,0
24004301,'5443',2211,,1898,11,,,0
24004301,'5444',1658,,2336,15,,,0,166,,2335,15,,,0,127,,2337,15,,,0
24004301,'5446',620,,2342,15,,,0,95,,2339,15,,,0,36,,2340,15,,,0,172,,2341,15,,,0,728,,2338,15,,,0
24004301,'5448',2211,,2343,11,,,0
24004301,'5449',1658,,2345,15,,,0,166,,2344,15,,,0,127,,2346,15,,,0
