4300,'4614',1513,,2090,7,,,0
4301,'4614',826,,2129,29,,,0
4401,'4614',552,,2161,35,,,0,168,,2153,25,,,0,30,,2164,25,,,0,82,,2155,25,,,0,171,,2156,8,0,22 23 16,0,136,,2157,25,,,0,73,,2163,8,0,22 23 16,0,205,,2154,25,,,0,114,,2160,25,,,0,172,,2158,8,0,22 23 16,0,30,,2159,25,,,0,88,,2162,25,,,0
4401,'4616',843,,2186,25,,,0,196,,2188,25,,,0,179,,2187,25,,,0,320,,2184,25,,,0,167,,2185,25,,,0
4401,'4619',2002,,2165,8,0,22 23 16,0
4401,'4623',2002,,2183,8,0,22 23 16,0
4401,'5087',552,,2179,35,,,0,168,,2171,25,,,0,30,,2182,25,,,0,82,,2173,25,,,0,171,,2174,8,0,22 23 16,0,136,,2175,25,,,0,73,,2181,8,0,22 23 16,0,205,,2172,25,,,0,114,,2178,25,,,0,172,,2176,8,0,22 23 16,0,30,,2177,25,,,0,88,,2180,25,,,0
9800,'4614',1517,,2265,8,0,7 8 2 9 2 10,0
9800,'5087',1517,,2277,8,0,7 8 2 9 2 10,0
24004301,'4614',802,,2331,21,,,0
