1001,'4614',650,,1307,2,,,0,105,,1311,2,,,0,185,,1308,2,,,0,505,,1312,2,,,0,270,,1309,2,,,0,90,,1310,2,,,0,140,,1313,2,,,0
1001,'4616',750,,1319,2,,,0,376,,1320,2,,,0,819,,1321,2,,,0
1001,'5087',650,,1328,2,,,0,105,,1331,2,,,0,185,,1329,2,,,0,505,,1315,2,,,0,270,,1314,2,,,0,90,,1330,2,,,0,140,,1316,2,,,0
1001,'5274',1305,,1317,2,,,0
1001,'5276',1305,,1318,2,,,0
1001,'5291',1305,,1322,2,,,0
1001,'5295',1305,,1323,2,,,0
7601,'5281',905,,1761,7,,,0
7601,'5294',905,,1767,7,,,0
24001001,'4614',2135,,1880,2,,,0
24001001,'4616',1620,,1882,2,,,0
24001001,'5087',2135,,1881,2,,,0
