201,'4614',639,,1104,27,,,0,68,,1105,27,,,0,141,,1101,27,,,0,77,,1106,28,,,0,29,,1107,28,,,0,103,,1108,30,,,0,68,,1109,28,,,0,106,,1110,30,,,0,96,,1111,28,,,0,106,,1112,30,,,0,19,,1113,28,,,0,176,,1115,30,,,0,296,,1116,28,,,0
201,'4616',832,,1148,28,,,0,113,,1139,28,,,0,113,,1140,30,,,0,158,,1141,28,,,0,116,,1142,30,,,0,117,,1143,28,,,0,200,,1144,30,,,0,106,,1145,28,,,0,80,,1146,28,,,0,113,,1147,28,,,0
201,'4619',1601,,1117,28,,,0,105,,1118,28,,,0,98,,1119,28,,,0,208,,1120,28,,,0,115,,1121,28,,,0,112,,1122,27,,,0
201,'4623',1601,,1123,28,,,0,105,,1124,28,,,0,98,,1125,28,,,0,208,,1126,28,,,0,115,,1127,28,,,0,112,,1128,27,,,0
201,'4931',1601,,1129,28,,,0,105,,1130,28,,,0,98,,1131,28,,,0,208,,1132,28,,,0,115,,1133,28,,,0
201,'5087',639,,1168,27,,,0,68,,1135,27,,,0,113,,1134,27,,,0,28,,1167,27,,,0,77,,1136,28,,,0,29,,1169,28,,,0,103,,1170,30,,,0,68,,1171,28,,,0,106,,1172,30,,,0,96,,1173,28,,,0,106,,1174,30,,,0,19,,1175,28,,,0,176,,1176,30,,,0,296,,1177,28,,,0
201,'5088',1601,,1178,28,,,0,105,,1179,28,,,0,98,,1180,28,,,0,208,,1181,28,,,0,115,,1182,28,,,0
201,'5274',1732,,1137,28,,,0
201,'5276',1732,,1138,28,,,0
201,'5291',1732,,1149,28,,,0
201,'5295',1732,,1150,28,,,0
1001,'4614',731,,1307,42,,,0,105,,1311,42,,,0,188,,1308,42,,,0,503,,1312,42,,,0,231,,1309,42,,,0,89,,1310,42,,,0,179,,1313,42,,,0
1001,'4616',832,,1319,42,,,0,378,,1320,42,,,0,817,,1321,42,,,0
1001,'5087',731,,1328,42,,,0,105,,1331,42,,,0,188,,1329,42,,,0,503,,1315,42,,,0,231,,1314,42,,,0,89,,1330,42,,,0,179,,1316,42,,,0
1001,'5274',1347,,1317,42,,,0
1001,'5276',1347,,1318,42,,,0
1001,'5291',1347,,1322,42,,,0
1001,'5295',1347,,1323,42,,,0
24001001,'4614',2206,,1880,29,,,0
24001001,'4616',1658,,1882,29,,,0
24001001,'5087',2206,,1881,29,,,0
