100,'4614',839,,1017,5,0,29,0,283,,1019,5,0,29 2 35 23,0,20,,1018,5,0,29,0,202,,1021,5,0,29,0,110,,1022,5,0,29,0,96,,1023,5,0,29,0,152,,1028,5,0,29,0,55,,1029,5,0,29,0,85,,1024,5,0,29,0
100,'4616',1002,,1057,5,0,29,0,705,,1063,5,0,29,0
100,'4619',1521,,1031,5,0,29 2 35 23,0
100,'4931',1521,,1041,5,0,29 2 35 23,0
100,'5291',1052,,1066,5,0,29,0
100,'5295',1052,,1068,5,0,29,0
301,'4614',634,,1187,19,,,0,102,,1186,19,,,0,69,,1183,19,,,0,110,,1198,19,,,0,40,,1189,19,,,0,348,,1192,19,,,0
301,'4616',829,,1222,19,,,0,75,,1224,19,,,0,136,,1223,19,,,0,90,,1226,19,,,0,115,,1225,19,,,0,160,,1227,19,,,0,120,,1228,19,,,0,75,,1229,19,,,0,303,,1230,19,,,0
301,'4619',1929,,1201,19,,,0,115,,1202,19,,,0,114,,1203,19,,,0,145,,1204,19,,,0
301,'4931',1929,,1213,19,,,0,115,,1214,19,,,0,114,,1215,19,,,0
301,'5291',1025,,1231,19,,,0
301,'5295',1025,,1232,19,,,0
