9800,'4614',611,,2270,4,,,0,47,,2266,4,,,0,157,,2269,4,,,0,141,,2267,4,,,0,262,,2264,7,0,7 8 2 9 2 10,0,312,,2265,13,0,7 8 2 9 2 10,0,99,,2268,7,0,7 8 2 9 2 10,0,88,,2263,4,,,0
9800,'4619',1839,,2271,4,,,0
9800,'5439',611,,1788,4,,,0,47,,1784,4,,,0,157,,1787,4,,,0,141,,1785,4,,,0,262,,1782,7,0,7 8 2 9 2 10,0,312,,1783,13,0,7 8 2 9 2 10,0,99,,1786,7,0,7 8 2 9 2 10,0,88,,1781,4,,,0
9800,'5443',1839,,1780,4,,,0
9800,'5444',856,,2274,4,,,0,384,,2272,4,,,0,478,,2273,4,,,0
9800,'5446',611,,2282,4,,,0,47,,2278,4,,,0,157,,2281,4,,,0,141,,2279,4,,,0,262,,2276,7,0,7 8 2 9 2 10,0,312,,2277,13,0,7 8 2 9 2 10,0,99,,2280,7,0,7 8 2 9 2 10,0,88,,2275,4,,,0
9800,'5448',1839,,2283,4,,,0
9800,'5449',856,,2286,4,,,0,384,,2284,4,,,0,478,,2285,4,,,0
9801,'4614',541,,2296,5,0,11,0,109,,2295,5,0,11,0,68,,2292,18,0,11,0,88,,2288,18,0,7 8 2 11 2 10,0,120,,2293,18,0,7 8 2 11 2 10,0,179,,2291,18,0,11,0,223,,2287,18,0,7 8 2 11 2 10,0,124,,2297,5,0,11,0,188,,2289,18,0,11,0,100,,2294,18,0,11,0,88,,2290,18,0,11,0
9801,'4619',1942,,2298,18,0,11,0
9801,'5439',541,,1814,5,0,11,0,109,,1813,5,0,11,0,68,,1810,18,0,11,0,88,,1806,18,0,7 8 2 11 2 10,0,120,,1811,18,0,7 8 2 11 2 10,0,179,,1809,18,0,11,0,223,,1805,18,0,7 8 2 11 2 10,0,124,,1815,5,0,11,0,188,,1807,18,0,11,0,100,,1812,18,0,11,0,88,,1808,18,0,11,0
9801,'5443',1942,,1804,18,0,11,0
9801,'5444',736,,2302,5,0,11,0,269,,2301,18,0,11,0,344,,2299,18,0,11,0,478,,2300,18,0,11,0
9801,'5446',541,,2312,5,0,11,0,109,,2311,5,0,11,0,68,,2308,18,0,11,0,88,,2304,18,0,7 8 2 11 2 10,0,120,,2309,18,0,7 8 2 11 2 10,0,179,,2307,18,0,11,0,223,,2303,18,0,7 8 2 11 2 10,0,124,,2313,5,0,11,0,188,,2305,18,0,11,0,100,,2310,18,0,11,0,88,,2306,18,0,11,0
9801,'5448',1942,,2314,18,0,11,0
9801,'5449',736,,2318,5,0,11,0,269,,2317,18,0,11,0,344,,2315,18,0,11,0,478,,2316,18,0,11,0
