4101,'4614',746,,2049,3,,,0,92,,2051,3,,,0,384,,2052,3,,,0,215,,2050,3,,,0,166,,2053,3,,,0,143,,2054,3,,,0
4101,'5439',746,,1514,3,,,0,92,,1516,3,,,0,384,,1517,3,,,0,215,,1515,3,,,0,166,,1518,3,,,0,143,,1519,3,,,0
4101,'5444',853,,2057,3,,,0,387,,2055,3,,,0,388,,2056,3,,,0
4101,'5446',746,,2058,3,,,0,92,,2060,3,,,0,384,,2061,3,,,0,215,,2059,3,,,0,166,,2062,3,,,0,143,,2063,3,,,0
4101,'5449',853,,2066,3,,,0,387,,2064,3,,,0,388,,2065,3,,,0
4601,'4614',553,,2234,3,,,0,177,,2235,3,,,0,112,,2229,3,,,0,110,,2236,3,,,0,151,,2238,3,,,0,135,,2237,3,,,0,117,,2230,3,,,0,75,,2233,3,,,0,111,,2231,3,,,0,173,,2232,3,,,0,143,,2239,3,,,0
4601,'4619',2024,,2240,3,,,0
4601,'5439',553,,1678,3,,,0,177,,1679,3,,,0,112,,1673,3,,,0,110,,1680,3,,,0,151,,1682,3,,,0,135,,1681,3,,,0,117,,1674,3,,,0,75,,1677,3,,,0,111,,1675,3,,,0,173,,1676,3,,,0,143,,1683,3,,,0
4601,'5443',2024,,1672,3,,,0
4601,'5444',749,,2245,3,,,0,301,,2244,3,,,0,356,,2241,3,,,0,195,,2242,3,,,0,241,,2243,3,,,0
4601,'5446',553,,2251,3,,,0,177,,2252,3,,,0,112,,2246,3,,,0,110,,2253,3,,,0,151,,2255,3,,,0,135,,2254,3,,,0,117,,2247,3,,,0,75,,2250,3,,,0,111,,2248,3,,,0,173,,2249,3,,,0,143,,2256,3,,,0
4601,'5448',2024,,2257,3,,,0
4601,'5449',749,,2262,3,,,0,301,,2261,3,,,0,356,,2258,3,,,0,195,,2259,3,,,0,241,,2260,3,,,0
