4101,'4614',743,,2049,1,,,0,14,,2049,12,4,,0,78,,2051,1,,,0,14,,2051,12,4,,0,370,,2052,1,,,0,14,,2052,12,4,,0,201,,2050,1,,,0,14,,2050,12,4,,0,152,,2053,1,,,0,15,,2053,12,4,,0,128,,2054,1,,,0,14,,2054,12,4,,0
4101,'5439',743,,1514,1,,,0,14,,1514,12,4,,0,78,,1516,1,,,0,14,,1516,12,4,,0,370,,1517,1,,,0,14,,1517,12,4,,0,201,,1515,1,,,0,14,,1515,12,4,,0,152,,1518,1,,,0,15,,1518,12,4,,0,128,,1519,1,,,0,14,,1519,12,4,,0
4101,'5444',850,,2057,1,,,0,54,,2057,12,4,,0,333,,2055,1,,,0,14,,2055,12,4,,0,374,,2056,1,,,0,14,,2056,12,4,,0
4101,'5446',743,,2058,1,,,0,14,,2058,12,4,,0,78,,2060,1,,,0,14,,2060,12,4,,0,370,,2061,1,,,0,14,,2061,12,4,,0,201,,2059,1,,,0,14,,2059,12,4,,0,152,,2062,1,,,0,15,,2062,12,4,,0,128,,2063,1,,,0,14,,2063,12,4,,0
4101,'5449',850,,2066,1,,,0,54,,2066,12,4,,0,333,,2064,1,,,0,14,,2064,12,4,,0,374,,2065,1,,,0,14,,2065,12,4,,0
4200,'4614',757,,2070,1,,,0,50,,2070,10,4,,0,203,,2067,1,,,0,11,,2067,10,4,,0,429,,2068,1,,,0,51,,2068,10,4,,0,156,,2069,1,,,0,51,,2069,10,4,,0
4200,'5439',757,,1530,1,,,0,50,,1530,10,4,,0,203,,1527,1,,,0,11,,1527,10,4,,0,429,,1528,1,,,0,51,,1528,10,4,,0,156,,1529,1,,,0,51,,1529,10,4,,0
4200,'5444',905,,2073,1,,,0,11,,2073,10,4,,0,119,,2072,1,,,0,11,,2072,10,4,,0,499,,2071,1,,,0,11,,2071,10,4,,0
4200,'5446',757,,2077,1,,,0,50,,2077,10,4,,0,203,,2074,1,,,0,11,,2074,10,4,,0,429,,2075,1,,,0,51,,2075,10,4,,0,156,,2076,1,,,0,51,,2076,10,4,,0
4200,'5449',905,,2080,1,,,0,11,,2080,10,4,,0,119,,2079,1,,,0,11,,2079,10,4,,0,499,,2078,1,,,0,11,,2078,10,4,,0
4500,'4614',557,,2190,1,,,0,63,,2190,15,4,,0,12,,2192,1,,,0,15,,2191,21,4,,0,8,,2192,15,4,,0,853,,2189,1,,,0,23,,2189,15,4,,0
4500,'5439',557,,1630,1,,,0,63,,1630,15,4,,0,12,,1632,1,,,0,15,,1631,21,4,,0,8,,1632,15,4,,0,853,,1629,1,,,0,23,,1629,15,4,,0
4500,'5446',557,,2194,1,,,0,63,,2194,15,4,,0,12,,2196,1,,,0,15,,2195,21,4,,0,8,,2196,15,4,,0,853,,2193,1,,,0,23,,2193,15,4,,0
4601,'4614',551,,2234,1,,,0,177,,2235,1,,,0,112,,2229,1,,,0,109,,2236,1,,,0,151,,2238,1,,,0,135,,2237,1,,,0,117,,2230,1,,,0,75,,2233,1,,,0,111,,2231,1,,,0,173,,2232,1,,,0,144,,2239,1,,,0
4601,'4619',2022,,2240,1,,,0
4601,'5439',551,,1678,1,,,0,177,,1679,1,,,0,112,,1673,1,,,0,109,,1680,1,,,0,151,,1682,1,,,0,135,,1681,1,,,0,117,,1674,1,,,0,75,,1677,1,,,0,111,,1675,1,,,0,173,,1676,1,,,0,144,,1683,1,,,0
4601,'5443',2022,,1672,1,,,0
4601,'5444',747,,2245,1,,,0,300,,2244,1,,,0,356,,2241,1,,,0,155,,2242,1,,,0,282,,2243,1,,,0
4601,'5446',551,,2251,1,,,0,177,,2252,1,,,0,112,,2246,1,,,0,109,,2253,1,,,0,151,,2255,1,,,0,135,,2254,1,,,0,117,,2247,1,,,0,75,,2250,1,,,0,111,,2248,1,,,0,173,,2249,1,,,0,144,,2256,1,,,0
4601,'5448',2022,,2257,1,,,0
4601,'5449',747,,2262,1,,,0,300,,2261,1,,,0,356,,2258,1,,,0,155,,2259,1,,,0,282,,2260,1,,,0
9800,'4614',606,,2270,1,,,0,46,,2266,1,,,0,157,,2269,1,,,0,141,,2267,1,,,0,255,,2264,1,0,7 8 2 9 2 10,0,303,,2265,1,0,7 8 2 9 2 10,0,109,,2268,1,0,7 8 2 9 2 10,0,93,,2263,1,,,0
9800,'4619',1833,,2271,1,,,0
9800,'5439',606,,1788,1,,,0,46,,1784,1,,,0,157,,1787,1,,,0,141,,1785,1,,,0,255,,1782,1,0,7 8 2 9 2 10,0,303,,1783,1,0,7 8 2 9 2 10,0,109,,1786,1,0,7 8 2 9 2 10,0,93,,1781,1,,,0
9800,'5443',1833,,1780,1,,,0
9800,'5444',850,,2274,1,,,0,384,,2272,1,,,0,478,,2273,1,,,0
9800,'5446',606,,2282,1,,,0,46,,2278,1,,,0,157,,2281,1,,,0,141,,2279,1,,,0,255,,2276,1,0,7 8 2 9 2 10,0,303,,2277,1,0,7 8 2 9 2 10,0,109,,2280,1,0,7 8 2 9 2 10,0,93,,2275,1,,,0
9800,'5448',1833,,2283,1,,,0
9800,'5449',850,,2286,1,,,0,384,,2284,1,,,0,478,,2285,1,,,0
9801,'4614',549,,2296,8,4,,0,109,,2295,8,4,,0,68,,2292,21,4,,0,96,,2288,24,,,0,118,,2293,24,4,,0,174,,2291,21,4,,0,229,,2287,24,4,,0,158,,2297,8,4,,0,149,,2289,21,4,,0,99,,2294,21,4,,0,88,,2290,21,4,,0
9801,'4619',1950,,2298,21,4,,0
9801,'5439',549,,1814,8,4,,0,109,,1813,8,4,,0,68,,1810,21,4,,0,96,,1806,24,,,0,118,,1811,24,4,,0,174,,1809,21,4,,0,229,,1805,24,4,,0,158,,1815,8,4,,0,149,,1807,21,4,,0,99,,1812,21,4,,0,88,,1808,21,4,,0
9801,'5443',1950,,1804,21,4,,0
9801,'5444',745,,2302,8,4,,0,269,,2301,21,4,,0,344,,2299,21,4,,0,478,,2300,21,4,,0
9801,'5446',549,,2312,8,4,,0,109,,2311,8,4,,0,68,,2308,21,4,,0,96,,2304,24,,,0,118,,2309,24,4,,0,174,,2307,21,4,,0,229,,2303,24,4,,0,158,,2313,8,4,,0,149,,2305,21,4,,0,99,,2310,21,4,,0,88,,2306,21,4,,0
9801,'5448',1950,,2314,21,4,,0
9801,'5449',745,,2318,8,4,,0,269,,2317,21,4,,0,344,,2315,21,4,,0,478,,2316,21,4,,0
