4300,'4614',1038,,2081,47,,,0,218,,2083,47,,,0,178,,2087,44,,,0,168,,2090,52,,,0,22,,2088,44,,,0,179,,2084,44,,,0,124,,2089,47,,,0
4300,'5439',1038,,1547,47,,,0,218,,1549,47,,,0,178,,1553,44,,,0,168,,1556,47,,,0,22,,1554,44,,,0,179,,1550,44,,,0,124,,1555,47,,,0
4300,'5444',937,,2099,47,,,0,201,,2093,47,,,0,312,,2095,47,,,0,182,,2096,47,,,0,126,,2097,47,,,0,167,,2098,47,,,0
4300,'5446',1038,,2100,47,,,0,218,,2102,47,,,0,178,,2106,44,,,0,168,,2109,47,,,0,22,,2107,44,,,0,179,,2103,44,,,0,124,,2108,47,,,0
4300,'5449',937,,2118,47,,,0,201,,2112,47,,,0,312,,2114,47,,,0,182,,2115,47,,,0,126,,2116,47,,,0,167,,2117,47,,,0
24004300,'4614',555,,2322,26,,,0,95,,2320,26,,,0,74,,2319,26,,,0,132,,2321,26,,,0
24004300,'5439',555,,1890,26,,,0,95,,1888,26,,,0,74,,1887,26,,,0,132,,1889,26,,,0
24004300,'5444',757,,2323,26,,,0
24004300,'5446',555,,2327,26,,,0,95,,2325,26,,,0,74,,2324,26,,,0,132,,2326,26,,,0
24004300,'5449',757,,2328,26,,,0
