1401,'4614',751,,1332,2,0,31,0
1401,'5291',1113,,1338,2,0,31,0,634,,1339,2,0,31,0
1401,'5295',1113,,1340,2,0,31,0,634,,1341,2,0,31,0
2001,'4614',450,,1367,2,,,0,260,,1368,2,,,0,320,,1369,2,,,0,572,,1370,2,,,0,127,,1371,2,,,0
2001,'4616',523,,1380,2,,,0,492,,1381,2,,,0,490,,1378,2,,,0
2001,'5291',735,,1382,2,0,24 25,0
2001,'5295',735,,1383,2,0,24 25,0
7400,'5292',1614,,1744,5,,,0
9901,'4614',600,,1844,2,,,0,50,,1845,2,,,0,154,,1846,2,,,0,141,,1847,2,,,0,259,,1848,2,,,0,310,,1849,2,,,0,105,,1850,2,,,0,88,,1851,2,,,0
9901,'4616',847,,1855,2,,,0,383,,1856,2,,,0,475,,1857,2,,,0
