4300,'4614',1033,,2081,39,,,0,218,,2083,39,,,0,178,,2087,36,,,0,128,,2090,44,,,0,62,,2088,36,,,0,139,,2084,36,,,0,164,,2089,39,,,0
4300,'4619',2200,,2092,39,4,,0
4300,'5439',1033,,1547,39,,,0,218,,1549,39,,,0,178,,1553,36,,,0,128,,1556,39,,,0,62,,1554,36,,,0,139,,1550,36,,,0,164,,1555,39,,,0
4300,'5443',2200,,1546,39,4,,0
4300,'5444',931,,2099,39,,,0,201,,2093,39,,,0,312,,2095,39,,,0,182,,2096,39,,,0,126,,2097,39,,,0,167,,2098,39,,,0
4300,'5446',1033,,2100,39,,,0,218,,2102,39,,,0,178,,2106,36,,,0,128,,2109,39,,,0,62,,2107,36,,,0,139,,2103,36,,,0,164,,2108,39,,,0
4300,'5448',2200,,2111,39,4,,0
4300,'5449',931,,2118,39,,,0,201,,2112,39,,,0,312,,2114,39,,,0,182,,2115,39,,,0,126,,2116,39,,,0,167,,2117,39,,,0
24004300,'4614',550,,2322,18,,,0,95,,2320,18,,,0,73,,2319,18,,,0,132,,2321,18,,,0
24004300,'5439',550,,1890,18,,,0,95,,1888,18,,,0,73,,1887,18,,,0,132,,1889,18,,,0
24004300,'5444',751,,2323,18,,,0
24004300,'5446',550,,2327,18,,,0,95,,2325,18,,,0,73,,2324,18,,,0,132,,2326,18,,,0
24004300,'5449',751,,2328,18,,,0
24004301,'4619',2200,,2334,1,,,0
24004301,'5443',2200,,1898,1,,,0
24004301,'5448',2200,,2343,1,,,0
