2000,'4614',705,,1348,41,,,0,225,,1349,41,,,0,322,,1350,41,,,0,576,,1351,32,,,0,119,,1352,32,,,0
2000,'4616',742,,1360,40,,,0,506,,1362,40,,,0,685,,1359,32,,,0
2000,'5087',705,,1353,41,,,0,225,,1354,41,,,0,322,,1366,41,,,0,576,,1355,32,,,0,119,,1356,32,,,0
2000,'5274',801,,1357,3,,,0
2000,'5276',801,,1358,3,,,0
2000,'5291',801,,1363,3,,,0
2000,'5295',801,,1364,3,,,0
7401,'5278',954,,1745,36,,,0
7401,'5292',954,,1746,36,,,0
9900,'4614',712,,1820,17,,,0,88,,1821,17,,,0,116,,1822,17,,,0,141,,1823,17,,,0,263,,1824,17,,,0,311,,1825,17,,,0,98,,1826,17,,,0,89,,1827,17,,,0
9900,'4616',959,,1831,17,,,0,384,,1832,17,,,0,479,,1833,17,,,0
9900,'5087',712,,1839,17,,,0,88,,1840,17,,,0,116,,1828,17,,,0,141,,1829,17,,,0,263,,1841,17,,,0,311,,1842,17,,,0,98,,1830,17,,,0,89,,1843,17,,,0
