201,'4614',635,,1104,21,,,0,68,,1105,21,,,0,112,,1103,21,,,0,29,,1101,21,,,0,77,,1106,22,,,0,29,,1107,22,,,0,102,,1108,24,,,0,69,,1109,22,,,0,105,,1110,24,,,0,97,,1111,22,,,0,105,,1112,24,,,0,20,,1113,22,,,0,176,,1115,24,,,0,296,,1116,22,,,0
201,'4616',829,,1148,22,,,0,112,,1139,22,,,0,112,,1140,24,,,0,159,,1141,22,,,0,115,,1142,24,,,0,118,,1143,22,,,0,199,,1144,24,,,0,107,,1145,22,,,0,80,,1146,22,,,0,113,,1147,22,,,0
201,'4619',1557,,1117,22,,,0,145,,1118,22,,,0,98,,1119,22,,,0,208,,1120,22,,,0,115,,1121,22,,,0,113,,1122,21,,,0
201,'4931',1557,,1129,22,,,0,145,,1130,22,,,0,98,,1131,22,,,0,208,,1132,22,,,0,115,,1133,22,,,0
201,'5291',1728,,1149,22,,,0
201,'5295',1728,,1150,22,,,0
1001,'4614',728,,1307,36,,,0,105,,1311,36,,,0,187,,1308,36,,,0,503,,1312,36,,,0,231,,1309,36,,,0,89,,1310,36,,,0,179,,1313,36,,,0
1001,'4616',828,,1319,36,,,0,378,,1320,36,,,0,817,,1321,36,,,0
1001,'5291',1343,,1322,36,,,0
1001,'5295',1343,,1323,36,,,0
