1001,'4614',652,,1307,4,,,0,105,,1311,4,,,0,185,,1308,4,,,0,505,,1312,4,,,0,270,,1309,4,,,0,90,,1310,4,,,0,140,,1313,4,,,0
1001,'4616',752,,1319,4,,,0,375,,1320,4,,,0,820,,1321,4,,,0
1001,'5087',652,,1328,4,,,0,105,,1331,4,,,0,185,,1329,4,,,0,505,,1315,4,,,0,270,,1314,4,,,0,90,,1330,4,,,0,140,,1316,4,,,0
1001,'5274',1307,,1317,4,,,0
1001,'5276',1307,,1318,4,,,0
1001,'5291',1307,,1322,4,,,0
1001,'5295',1307,,1323,4,,,0
7601,'5281',906,,1761,9,,,0
7601,'5294',906,,1767,9,,,0
24001001,'4614',2136,,1880,4,,,0
24001001,'4616',1622,,1882,4,,,0
24001001,'5087',2136,,1881,4,,,0
