1000,'4614',935,,1289,49,4,,0,500,,1291,49,4,,0,270,,1290,49,4,,0,230,,1292,49,4,,0,195,,1293,49,4,,0
1000,'4616',1115,,1300,49,4,,0,500,,1301,49,4,,0,325,,1302,49,4,,0
1000,'5291',1255,,1303,49,4,,0
1000,'5295',1255,,1304,49,4,,0
1001,'4614',650,,1307,1,,,0,105,,1311,1,,,0,185,,1308,1,,,0,505,,1312,1,,,0,270,,1309,1,,,0,90,,1310,1,,,0,140,,1313,1,,,0
1001,'4616',750,,1319,1,,,0,375,,1320,1,,,0,820,,1321,1,,,0
1001,'5291',1305,,1322,1,,,0
1001,'5295',1305,,1323,1,,,0
7601,'5289',1255,,1765,6,4,,0
7601,'5290',1755,,1766,6,4,,0
7601,'5294',905,,1767,6,,,0
7601,'5296',745,,1768,6,4,,0
7601,'5297',935,,1769,6,4,,0,820,,1770,6,4,,0
24001000,'4614',647,,1870,36,4,,0,105,,1872,36,4,,0,1005,,1871,44,4,,0
24001000,'4616',745,,1873,36,4,,0
24001001,'4614',2135,,1880,1,,,0
24001001,'4616',1620,,1882,1,,,0
