4500,'4614',618,,2190,12,,,0,7,,2191,9,,,0,20,,2191,18,,,0,8,,2192,12,,,0,876,,2189,12,,,0
4500,'5439',618,,1630,12,,,0,7,,1631,9,,,0,20,,1631,18,,,0,8,,1632,12,,,0,876,,1629,12,,,0
4500,'5446',618,,2194,12,,,0,7,,2195,9,,,0,20,,2195,18,,,0,8,,2196,12,,,0,876,,2193,12,,,0
4600,'4614',816,,2202,16,0,11,0,120,,2197,16,0,11,0,118,,2201,21,0,11,0,103,,2205,16,0,11,0,183,,2204,21,0,11,0,109,,2198,16,0,11,0,77,,2199,16,0,11,0,119,,2200,21,0,11,0,163,,2203,16,0,11,0,141,,2206,16,0,11,0
4600,'4619',2115,,2207,16,0,11,0
4600,'5439',816,,1650,16,0,11,0,120,,1645,16,0,11,0,118,,1649,21,0,11,0,103,,1653,16,0,11,0,183,,1652,21,0,11,0,109,,1646,16,0,11,0,77,,1647,16,0,11,0,119,,1648,21,0,11,0,163,,1651,16,0,11,0,141,,1654,16,0,11,0
4600,'5443',2115,,1644,16,0,11,0
4600,'5444',843,,2212,21,0,11,0,308,,2211,21,0,11,0,357,,2208,21,0,11,0,195,,2209,21,0,11,0,224,,2210,7,0,11,0
4600,'5446',816,,2218,16,0,11,0,120,,2213,16,0,11,0,118,,2217,21,0,11,0,103,,2221,16,0,11,0,183,,2220,21,0,11,0,109,,2214,16,0,11,0,77,,2215,16,0,11,0,119,,2216,21,0,11,0,163,,2219,16,0,11,0,141,,2222,16,0,11,0
4600,'5448',2115,,2223,16,0,11,0
4600,'5449',843,,2228,21,0,11,0,308,,2227,21,0,11,0,357,,2224,21,0,11,0,195,,2225,21,0,11,0,225,,2226,7,0,11,0
