201,'4614',907,,1106,5,0,32,0,30,,1107,5,0,32,0,99,,1108,5,0,32,0,71,,1109,5,0,32,0,102,,1110,5,0,32,0,100,,1111,5,0,32,0,103,,1112,5,0,32,0,22,,1113,5,0,32,0,174,,1115,5,0,32,0,299,,1116,5,0,32,0
201,'4616',817,,1148,5,0,32,0,110,,1139,5,0,32,0,110,,1140,5,0,32,0,121,,1141,5,0,32,0,153,,1142,5,0,32,0,120,,1143,5,0,32,0,197,,1144,5,0,32,0,109,,1145,5,0,32,0,80,,1146,5,0,32,0,115,,1147,5,0,32,0
201,'4619',1543,,1117,5,0,32,0,105,,1118,5,0,32,0,99,,1119,5,0,32,0,209,,1120,5,0,32,0,155,,1121,5,0,32,0
201,'4931',1543,,1129,5,0,32,0,105,,1130,5,0,32,0,99,,1131,5,0,32,0,209,,1132,5,0,32,0,155,,1133,5,0,32,0
201,'5291',1715,,1149,5,0,32,0
201,'5295',1715,,1150,5,0,32,0
1000,'4614',853,,1289,5,,,0,499,,1291,5,,,0,265,,1290,5,,,0,236,,1292,5,,,0,196,,1293,5,,,0
1000,'4616',1030,,1300,5,,,0,498,,1301,5,,,0,326,,1302,5,,,0
1000,'5291',1212,,1303,5,,,0
1000,'5295',1212,,1304,5,,,0
7400,'5292',1605,,1744,1,,,0
7401,'5292',1020,,1746,49,4,,0
7600,'5294',1013,,1755,6,,,0
24001000,'4614',1713,,1871,5,,,0
