4300,'4614',757,,2082,28,4,,0,162,,2085,25,4,,0,100,,2081,28,,,0,111,,2086,25,4,,0,106,,2083,28,,,0,178,,2087,25,,,0,15,,2091,28,4,,0,113,,2090,33,,,0,63,,2088,25,,,0,139,,2084,25,,,0,164,,2089,28,,,0
4300,'4619',2147,,2092,28,,,0
4300,'5439',757,,1548,28,4,,0,162,,1551,25,4,,0,100,,1547,28,,,0,111,,1552,25,4,,0,106,,1549,28,,,0,178,,1553,25,,,0,15,,1557,28,4,,0,113,,1556,28,,,0,63,,1554,25,,,0,139,,1550,25,,,0,164,,1555,28,,,0
4300,'5443',2147,,1546,28,,,0
4300,'5444',918,,2099,28,,,0,201,,2093,28,,,0,203,,2094,28,4,,0,109,,2095,28,,,0,182,,2096,28,,,0,126,,2097,28,,,0,167,,2098,28,,,0
4300,'5446',757,,2101,28,4,,0,162,,2104,25,4,,0,100,,2100,28,,,0,111,,2105,25,4,,0,106,,2102,28,,,0,178,,2106,25,,,0,15,,2110,28,4,,0,113,,2109,28,,,0,63,,2107,25,,,0,139,,2103,25,,,0,164,,2108,28,,,0
4300,'5448',2147,,2111,28,,,0
4300,'5449',918,,2118,28,,,0,201,,2112,28,,,0,203,,2113,28,4,,0,109,,2114,28,,,0,182,,2115,28,,,0,126,,2116,28,,,0,167,,2117,28,,,0
4301,'4614',715,,2120,1,,,0,44,,2129,1,,,0,162,,2123,1,,,0,181,,2125,13,,,0,30,,2124,1,,,0,188,,2119,13,,,0,111,,2130,1,,,0,27,,2121,13,,,0,169,,2127,13,,,0,200,,2126,13,,,0,123,,2128,13,,,0
4301,'5439',715,,1578,1,,,0,44,,1587,1,,,0,162,,1581,1,,,0,181,,1583,13,,,0,30,,1582,1,,,0,188,,1577,13,,,0,111,,1588,1,,,0,27,,1579,13,,,0,169,,1585,13,,,0,200,,1584,13,,,0,123,,1586,13,,,0
4301,'5444',820,,2135,13,,,0,181,,2134,13,,,0,201,,2131,13,,,0,121,,2132,1,,,0,191,,2133,13,,,0
4301,'5446',715,,2137,1,,,0,44,,2146,1,,,0,162,,2140,1,,,0,181,,2142,13,,,0,30,,2141,1,,,0,188,,2136,13,,,0,111,,2147,1,,,0,27,,2138,13,,,0,169,,2144,13,,,0,200,,2143,13,,,0,123,,2145,13,,,0
4301,'5449',820,,2152,13,,,0,181,,2151,13,,,0,201,,2148,13,,,0,121,,2149,1,,,0,191,,2150,13,,,0
24004300,'4614',537,,2322,7,,,0,95,,2320,7,,,0,73,,2319,7,,,0,132,,2321,7,,,0
24004300,'5439',537,,1890,7,,,0,95,,1888,7,,,0,73,,1887,7,,,0,132,,1889,7,,,0
24004300,'5444',738,,2323,7,,,0
24004300,'5446',537,,2327,7,,,0,95,,2325,7,,,0,73,,2324,7,,,0,132,,2326,7,,,0
24004300,'5449',738,,2328,7,,,0
24004301,'4614',617,,2333,13,,,0,95,,2330,13,,,0,36,,2331,13,,,0,172,,2332,13,,,0,728,,2329,13,,,0
24004301,'5439',617,,1903,13,,,0,95,,1900,13,,,0,36,,1901,13,,,0,172,,1902,13,,,0,728,,1899,13,,,0
24004301,'5444',1655,,2336,13,,,0,166,,2335,13,,,0,127,,2337,13,,,0
24004301,'5446',617,,2342,13,,,0,95,,2339,13,,,0,36,,2340,13,,,0,172,,2341,13,,,0,728,,2338,13,,,0
24004301,'5449',1655,,2345,13,,,0,166,,2344,13,,,0,127,,2346,13,,,0
