4301,'4614',1057,,2125,11,,,0,258,,2119,11,,,0,138,,2121,11,,,0,169,,2127,11,,,0,200,,2126,11,,,0,124,,2128,11,,,0
4301,'5439',1057,,1583,11,,,0,258,,1577,11,,,0,138,,1579,11,,,0,169,,1585,11,,,0,200,,1584,11,,,0,124,,1586,11,,,0
4301,'5444',815,,2135,11,,,0,141,,2134,11,,,0,201,,2131,11,,,0,352,,2133,11,,,0
4301,'5446',1057,,2142,11,,,0,258,,2136,11,,,0,138,,2138,11,,,0,169,,2144,11,,,0,200,,2143,11,,,0,124,,2145,11,,,0
4301,'5449',815,,2152,11,,,0,141,,2151,11,,,0,201,,2148,11,,,0,352,,2150,11,,,0
24004301,'4614',613,,2333,11,,,0,95,,2330,11,,,0,35,,2331,11,,,0,172,,2332,11,,,0,728,,2329,11,,,0
24004301,'5439',613,,1903,11,,,0,95,,1900,11,,,0,35,,1901,11,,,0,172,,1902,11,,,0,728,,1899,11,,,0
24004301,'5444',1650,,2336,11,,,0,166,,2335,11,,,0,127,,2337,11,,,0
24004301,'5446',613,,2342,11,,,0,95,,2339,11,,,0,35,,2340,11,,,0,172,,2341,11,,,0,728,,2338,11,,,0
24004301,'5449',1650,,2345,11,,,0,166,,2344,11,,,0,127,,2346,11,,,0
