4300,'4614',730,,2082,1,0,17 1 18,0,123,,2085,1,0,17 1 18,0,97,,2081,1,,,0,153,,2086,1,0,17 1 18,0,104,,2083,1,,,0,140,,2087,1,,,0,53,,2091,1,0,17 1 18,0,103,,2090,1,,,0,35,,2088,1,,,0,179,,2084,1,,,0,124,,2089,1,,,0
4300,'4619',2121,,2092,1,,,0
4300,'5439',730,,1548,1,0,17 1 18,0,123,,1551,1,0,17 1 18,0,97,,1547,1,,,0,153,,1552,1,0,17 1 18,0,104,,1549,1,,,0,140,,1553,1,,,0,53,,1557,1,0,17 1 18,0,111,,1556,1,,,0,27,,1554,1,,,0,179,,1550,1,,,0,124,,1555,1,,,0
4300,'5443',2121,,1546,1,,,0
4300,'5444',850,,2099,1,,,0,201,,2093,1,,,0,203,,2094,1,0,17 1 18,0,149,,2095,1,,,0,142,,2096,1,,,0,167,,2097,1,,,0,128,,2098,1,,,0
4300,'5446',730,,2101,1,0,17 1 18,0,123,,2104,1,0,17 1 18,0,97,,2100,1,,,0,153,,2105,1,0,17 1 18,0,104,,2102,1,,,0,140,,2106,1,,,0,53,,2110,1,0,17 1 18,0,111,,2109,1,,,0,27,,2107,1,,,0,179,,2103,1,,,0,124,,2108,1,,,0
4300,'5448',2121,,2111,1,,,0
4300,'5449',850,,2118,1,,,0,201,,2112,1,,,0,203,,2113,1,0,17 1 18,0,149,,2114,1,,,0,142,,2115,1,,,0,167,,2116,1,,,0,128,,2117,1,,,0
4301,'4614',649,,2122,22,4,,0,92,,2120,26,4,,0,90,,2129,31,4,,0,115,,2123,23,4,,0,184,,2125,38,4,,0,28,,2124,23,4,,0,191,,2119,38,4,,0,151,,2130,26,4,,0,25,,2121,35,4,,0,131,,2127,38,4,,0,196,,2126,35,4,,0,162,,2128,38,4,,0
4301,'5439',649,,1580,22,4,,0,92,,1578,26,4,,0,86,,1587,26,4,,0,119,,1581,23,4,,0,184,,1583,38,4,,0,28,,1582,23,4,,0,191,,1577,38,4,,0,151,,1588,26,4,,0,25,,1579,35,4,,0,131,,1585,38,4,,0,196,,1584,35,4,,0,162,,1586,38,4,,0
4301,'5444',847,,2135,38,4,,0,181,,2134,38,4,,0,202,,2131,38,4,,0,121,,2132,26,4,,0,191,,2133,38,4,,0
4301,'5446',649,,2139,22,4,,0,92,,2137,26,4,,0,86,,2146,26,4,,0,119,,2140,23,4,,0,184,,2142,38,4,,0,28,,2141,23,4,,0,191,,2136,38,4,,0,151,,2147,26,4,,0,25,,2138,35,4,,0,131,,2144,38,4,,0,196,,2143,35,4,,0,162,,2145,38,4,,0
4301,'5449',847,,2152,38,4,,0,181,,2151,38,4,,0,202,,2148,38,4,,0,121,,2149,26,4,,0,191,,2150,38,4,,0
4401,'4614',555,,2161,37,4,,0,145,,2153,1,0,21,0,25,,2153,27,4,,0,5,,2164,1,0,21,0,25,,2164,27,4,,0,54,,2155,1,0,21,0,28,,2155,27,4,,0,118,,2156,1,0,22 23 16,0,53,,2156,10,4,,0,109,,2157,1,0,21,0,27,,2157,27,4,,0,59,,2163,1,0,22 23 16,0,14,,2163,10,4,,0,138,,2154,1,0,21,0,67,,2154,27,4,,0,81,,2160,1,0,21,0,33,,2160,27,4,,0,118,,2158,1,0,22 23 16,0,54,,2158,10,4,,0,4,,2159,1,0,21,0,26,,2159,27,4,,0,62,,2162,1,0,21,0,26,,2162,27,4,,0
4401,'4619',1955,,2165,1,0,22 23 16,0,52,,2165,10,4,,0
4401,'5439',555,,1616,37,4,,0,145,,1608,1,0,21,0,25,,1608,27,4,,0,5,,1619,1,0,21,0,25,,1619,27,4,,0,54,,1610,1,0,21,0,28,,1610,27,4,,0,118,,1611,1,0,22 23 16,0,53,,1611,10,4,,0,109,,1612,1,0,21,0,27,,1612,27,4,,0,59,,1618,1,0,22 23 16,0,14,,1618,10,4,,0,138,,1609,1,0,21,0,67,,1609,27,4,,0,81,,1615,1,0,21,0,33,,1615,27,4,,0,118,,1613,1,0,22 23 16,0,54,,1613,10,4,,0,4,,1614,1,0,21,0,26,,1614,27,4,,0,62,,1617,1,0,21,0,26,,1617,27,4,,0
4401,'5443',1955,,1607,1,0,22 23 16,0,52,,1607,10,4,,0
4401,'5444',822,,2168,1,0,21,0,25,,2168,27,4,,0,171,,2170,1,0,21,0,25,,2170,27,4,,0,114,,2169,1,0,21,0,65,,2169,27,4,,0,295,,2166,1,0,21,0,25,,2166,27,4,,0,102,,2167,1,0,21,0,65,,2167,27,4,,0
4401,'5446',555,,2179,37,4,,0,145,,2171,1,0,21,0,25,,2171,27,4,,0,5,,2182,1,0,21,0,25,,2182,27,4,,0,54,,2173,1,0,21,0,28,,2173,27,4,,0,118,,2174,1,0,22 23 16,0,53,,2174,10,4,,0,109,,2175,1,0,21,0,27,,2175,27,4,,0,59,,2181,1,0,22 23 16,0,14,,2181,10,4,,0,138,,2172,1,0,21,0,67,,2172,27,4,,0,81,,2178,1,0,21,0,33,,2178,27,4,,0,118,,2176,1,0,22 23 16,0,54,,2176,10,4,,0,4,,2177,1,0,21,0,26,,2177,27,4,,0,62,,2180,1,0,21,0,26,,2180,27,4,,0
4401,'5448',1955,,2183,1,0,22 23 16,0,52,,2183,10,4,,0
4401,'5449',822,,2186,1,0,21,0,25,,2186,27,4,,0,171,,2188,1,0,21,0,25,,2188,27,4,,0,114,,2187,1,0,21,0,65,,2187,27,4,,0,295,,2184,1,0,21,0,25,,2184,27,4,,0,102,,2185,1,0,21,0,65,,2185,27,4,,0
4600,'4614',820,,2202,19,,,0,120,,2197,19,4,,0,118,,2201,24,4,,0,143,,2205,19,4,,0,143,,2204,24,4,,0,109,,2198,19,4,,0,77,,2199,19,4,,0,119,,2200,24,4,,0,162,,2203,19,4,,0,141,,2206,19,4,,0
4600,'4619',2118,,2207,19,4,,0
4600,'5439',820,,1650,19,4,,0,120,,1645,19,4,,0,118,,1649,24,4,,0,143,,1653,19,4,,0,143,,1652,24,4,,0,109,,1646,19,4,,0,77,,1647,19,4,,0,119,,1648,24,4,,0,162,,1651,19,4,,0,141,,1654,19,4,,0
4600,'5443',2118,,1644,19,4,,0
4600,'5444',847,,2212,24,4,,0,308,,2211,24,4,,0,357,,2208,24,4,,0,195,,2209,24,4,,0
4600,'5446',820,,2218,19,4,,0,120,,2213,19,4,,0,118,,2217,24,4,,0,143,,2221,19,4,,0,143,,2220,24,4,,0,109,,2214,19,4,,0,77,,2215,19,4,,0,119,,2216,24,4,,0,162,,2219,19,4,,0,141,,2222,19,4,,0
4600,'5448',2118,,2223,19,4,,0
4600,'5449',847,,2228,24,4,,0,308,,2227,24,4,,0,357,,2224,24,4,,0,195,,2225,24,4,,0,224,,2226,10,4,,0
24004300,'4614',523,,2322,1,,,0,95,,2320,1,,,0,33,,2319,1,,,0,171,,2321,1,,,0
24004300,'5439',523,,1890,1,,,0,95,,1888,1,,,0,33,,1887,1,,,0,171,,1889,1,,,0
24004300,'5444',724,,2323,1,,,0
24004300,'5446',523,,2327,1,,,0,95,,2325,1,,,0,33,,2324,1,,,0,171,,2326,1,,,0
24004300,'5449',724,,2328,1,,,0
24004301,'4614',630,,2333,19,4,,0,96,,2330,19,4,,0,81,,2331,23,4,,0,128,,2332,19,4,,0,767,,2329,19,4,,0
24004301,'4619',2221,,2334,15,4,,0
24004301,'5439',630,,1903,19,4,,0,96,,1900,19,4,,0,76,,1901,19,4,,0,133,,1902,19,4,,0,767,,1899,19,4,,0
24004301,'5443',2221,,1898,15,4,,0
24004301,'5444',1710,,2336,19,4,,0,126,,2335,19,4,,0,167,,2337,19,4,,0
24004301,'5446',630,,2342,19,4,,0,96,,2339,19,4,,0,76,,2340,19,4,,0,133,,2341,19,4,,0,767,,2338,19,4,,0
24004301,'5448',2221,,2343,15,4,,0
24004301,'5449',1710,,2345,19,4,,0,126,,2344,19,4,,0,167,,2346,19,4,,0
