100,'4614',635,,1016,1,,,0,102,,1015,1,,,0,70,,1014,1,,,0,34,,1017,8,,,0,76,,1030,1,,,0,39,,1026,1,,,0,167,,1019,8,,,0,20,,1018,8,,,0,161,,1020,1,,,0,42,,1021,8,,,0,110,,1022,8,,,0,96,,1023,8,,,0,152,,1028,8,,,0,54,,1029,8,,,0,85,,1024,8,,,0
100,'4616',830,,1054,1,,,0,75,,1056,1,,,0,99,,1057,8,,,0,37,,1055,1,,,0,90,,1058,1,,,0,115,,1059,1,,,0,160,,1060,1,,,0,120,,1061,1,,,0,75,,1062,1,,,0,108,,1063,8,,,0,195,,1064,1,,,0
100,'4619',1523,,1031,8,,,0,407,,1032,1,,,0,115,,1033,1,,,0,114,,1034,1,,,0,145,,1035,1,,,0
100,'4931',1523,,1041,8,,,0,407,,1042,1,,,0,115,,1043,1,,,0,114,,1044,1,,,0
100,'5291',1026,,1065,1,,,0,27,,1066,8,,,0
100,'5295',1026,,1067,1,,,0,27,,1068,8,,,0
301,'4614',635,,1187,22,4,,0,102,,1186,22,4,,0,70,,1183,22,4,,0,110,,1198,22,4,,0,39,,1189,22,4,,0,348,,1192,22,4,,0
301,'4616',830,,1222,22,4,,0,75,,1224,22,4,,0,136,,1223,22,4,,0,90,,1226,22,4,,0,115,,1225,22,4,,0,160,,1227,22,4,,0,120,,1228,22,4,,0,75,,1229,22,4,,0,303,,1230,22,4,,0
301,'4619',1930,,1201,22,4,,0,115,,1202,22,4,,0,114,,1203,22,4,,0,145,,1204,22,4,,0
301,'4931',1930,,1213,22,4,,0,115,,1214,22,4,,0,114,,1215,22,4,,0
301,'5291',1026,,1231,22,4,,0
301,'5295',1026,,1232,22,4,,0
