3101,'4614',720,,1920,13,,,0,123,,1918,28,,,0,162,,1916,13,,,0,35,,1917,28,,,0,75,,1913,28,,,0,119,,1914,13,,,0,105,,1912,28,,,0,161,,1911,28,,,0,31,,1910,28,,,0,102,,1908,28,,,0
3101,'5439',720,,1413,13,,,0,123,,1411,28,,,0,162,,1409,13,,,0,35,,1410,28,,,0,75,,1406,28,,,0,119,,1407,13,,,0,105,,1405,28,,,0,161,,1404,28,,,0,31,,1403,28,,,0,102,,1401,28,,,0
3101,'5444',911,,1926,13,,,0,124,,1923,13,,,0,187,,1922,13,,,0,181,,1925,28,,,0,146,,1928,13,,,0
3101,'5446',720,,1942,13,,,0,123,,1940,28,,,0,162,,1938,13,,,0,35,,1939,28,,,0,75,,1935,28,,,0,119,,1936,13,,,0,105,,1934,28,,,0,161,,1933,28,,,0,31,,1932,28,,,0,102,,1930,28,,,0
3101,'5449',911,,1948,13,,,0,124,,1945,13,,,0,187,,1944,13,,,0,181,,1947,28,,,0,146,,1950,13,,,0
3201,'4614',814,,1958,31,,,0,634,,1955,30,,,0,167,,1954,30,,,0,43,,1953,21,,,0,69,,1951,22,,,0,105,,1952,10,,,0
3201,'5439',814,,1438,31,,,0,634,,1435,30,,,0,167,,1434,30,,,0,43,,1433,21,,,0,69,,1431,22,,,0,95,,1432,10,,,0
3201,'5446',814,,1970,31,,,0,634,,1967,30,,,0,167,,1966,30,,,0,43,,1965,21,,,0,69,,1963,22,,,0,105,,1964,10,,,0
3300,'4614',838,,1980,4,,,0,68,,1979,4,,,0,232,,1978,4,,,0,289,,1977,4,,,0,191,,1975,4,,,0,20,,1976,4,,,0
3300,'5439',838,,1454,4,,,0,68,,1453,4,,,0,232,,1452,4,,,0,289,,1451,4,,,0,191,,1449,4,,,0,20,,1450,4,,,0
3300,'5444',1130,,1981,4,,,0,325,,1982,4,,,0,158,,1983,4,,,0
3300,'5446',838,,1989,4,,,0,68,,1988,4,,,0,232,,1987,4,,,0,289,,1986,4,,,0,191,,1984,4,,,0,20,,1985,4,,,0
3300,'5449',1130,,1990,4,,,0,325,,1991,4,,,0,158,,1992,4,,,0
3400,'4614',648,,2021,2,,,0,73,,2021,27,,,0,19,,2022,2,,,0,67,,2022,26,,,0,42,,2020,2,,,0,67,,2020,26,,,0,195,,2019,2,,,0,33,,2019,27,,,0,201,,2018,2,,,0,60,,2018,21,,,0,101,,2017,2,,,0,27,,2017,26,,,0,5,,2016,2,,,0,20,,2016,21,,,0,85,,2015,2,,,0,73,,2015,27,,,0,17,,2013,2,,,0,20,,2013,21,,,0,84,,2014,2,,,0,19,,2014,21,,,0
3400,'5439',648,,1493,2,,,0,73,,1493,27,,,0,19,,1494,2,,,0,67,,1494,26,,,0,42,,1492,2,,,0,67,,1492,26,,,0,195,,1491,2,,,0,33,,1491,27,,,0,201,,1490,2,,,0,60,,1490,21,,,0,101,,1489,2,,,0,27,,1489,26,,,0,5,,1488,2,,,0,20,,1488,21,,,0,85,,1487,2,,,0,73,,1487,27,,,0,17,,1485,2,,,0,20,,1485,21,,,0,74,,1486,2,,,0,19,,1486,21,,,0
3400,'5444',917,,2024,2,,,0,25,,2024,26,,,0,101,,2023,2,,,0,65,,2023,26,,,0,300,,2025,2,,,0,25,,2025,26,,,0
3400,'5446',648,,2034,2,,,0,73,,2034,27,,,0,19,,2035,2,,,0,67,,2035,26,,,0,42,,2033,2,,,0,67,,2033,26,,,0,195,,2032,2,,,0,33,,2032,27,,,0,201,,2031,2,,,0,60,,2031,21,,,0,101,,2030,2,,,0,27,,2030,26,,,0,5,,2029,2,,,0,20,,2029,21,,,0,85,,2028,2,,,0,73,,2028,27,,,0,17,,2026,2,,,0,20,,2026,21,,,0,84,,2027,2,,,0,19,,2027,21,,,0
3400,'5449',917,,2037,2,,,0,25,,2037,26,,,0,101,,2036,2,,,0,65,,2036,26,,,0,300,,2038,2,,,0,25,,2038,26,,,0
3601,'4614',808,,2041,20,,,0,497,,2040,18,,,0
3601,'5439',808,,1503,20,,,0,497,,1502,18,,,0
3601,'5446',808,,2044,20,,,0,497,,2043,18,,,0
3800,'5293',957,,2046,24,,,0,450,,2045,24,,,0
3800,'5440',957,,1505,24,,,0,450,,1504,24,,,0
3800,'5447',957,,2048,24,,,0,450,,2047,24,,,0
9801,'4614',656,,2292,4,0,11,0,1,,2292,6,0,11,0,87,,2288,4,0,7 8 2 11 2 10,0,1,,2288,6,0,7 8 2 11 2 10,0,159,,2293,4,0,7 8 2 11 2 10,0,1,,2293,6,0,7 8 2 11 2 10,0,138,,2291,4,0,11,0,1,,2291,6,0,11,0,261,,2287,4,0,7 8 2 11 2 10,0,1,,2287,6,0,7 8 2 11 2 10,0,311,,2289,4,0,11,0,1,,2289,6,0,11,0,99,,2294,4,0,11,0,1,,2294,6,0,11,0,87,,2290,4,0,11,0,1,,2290,6,0,11,0
9801,'4619',1920,,2298,4,0,11,0,1,,2298,6,0,11,0
9801,'5439',656,,1810,4,0,11,0,1,,1810,6,0,11,0,87,,1806,4,0,7 8 2 11 2 10,0,1,,1806,6,0,7 8 2 11 2 10,0,159,,1811,4,0,7 8 2 11 2 10,0,1,,1811,6,0,7 8 2 11 2 10,0,138,,1809,4,0,11,0,1,,1809,6,0,11,0,261,,1805,4,0,7 8 2 11 2 10,0,1,,1805,6,0,7 8 2 11 2 10,0,311,,1807,4,0,11,0,1,,1807,6,0,11,0,99,,1812,4,0,11,0,1,,1812,6,0,11,0,87,,1808,4,0,11,0,1,,1808,6,0,11,0
9801,'5443',1920,,1804,4,0,11,0,1,,1804,6,0,11,0
9801,'5444',942,,2301,4,0,11,0,1,,2301,6,0,11,0,383,,2299,4,0,11,0,1,,2299,6,0,11,0,477,,2300,4,0,11,0,1,,2300,6,0,11,0
9801,'5446',656,,2308,4,0,11,0,1,,2308,6,0,11,0,87,,2304,4,0,7 8 2 11 2 10,0,1,,2304,6,0,7 8 2 11 2 10,0,159,,2309,4,0,7 8 2 11 2 10,0,1,,2309,6,0,7 8 2 11 2 10,0,138,,2307,4,0,11,0,1,,2307,6,0,11,0,261,,2303,4,0,7 8 2 11 2 10,0,1,,2303,6,0,7 8 2 11 2 10,0,311,,2305,4,0,11,0,1,,2305,6,0,11,0,99,,2310,4,0,11,0,1,,2310,6,0,11,0,87,,2306,4,0,11,0,1,,2306,6,0,11,0
9801,'5448',1920,,2314,4,0,11,0,1,,2314,6,0,11,0
9801,'5449',942,,2317,4,0,11,0,1,,2317,6,0,11,0,383,,2315,4,0,11,0,1,,2315,6,0,11,0,477,,2316,4,0,11,0,1,,2316,6,0,11,0
