2001,'4614',454,,1367,3,,,0,260,,1368,3,,,0,319,,1369,3,,,0,573,,1370,3,,,0,127,,1371,3,,,0
2001,'4616',527,,1380,3,,,0,492,,1381,3,,,0,490,,1378,3,,,0
2001,'5087',454,,1372,3,,,0,260,,1373,3,,,0,319,,1385,3,,,0,573,,1374,3,,,0,127,,1375,3,,,0
2001,'5274',739,,1376,3,0,24 25,0
2001,'5276',739,,1377,3,0,24 25,0
2001,'5291',739,,1382,3,0,24 25,0
2001,'5295',739,,1383,3,0,24 25,0
7400,'5278',1616,,1743,6,,,0
7400,'5292',1616,,1744,6,,,0
9901,'4614',603,,1844,3,,,0,51,,1845,3,,,0,154,,1846,3,,,0,141,,1847,3,,,0,259,,1848,3,,,0,310,,1849,3,,,0,105,,1850,3,,,0,88,,1851,3,,,0
9901,'4616',851,,1855,3,,,0,383,,1856,3,,,0,475,,1857,3,,,0
9901,'5087',603,,1863,3,,,0,51,,1864,3,,,0,154,,1852,3,,,0,141,,1853,3,,,0,259,,1865,3,,,0,310,,1866,3,,,0,105,,1854,3,,,0,88,,1867,3,,,0
