201,'4614',642,,1104,29,,,0,72,,1105,30,,,0,142,,1101,30,,,0,77,,1106,31,,,0,69,,1107,31,,,0,104,,1108,33,,,0,27,,1109,31,,,0,107,,1110,33,,,0,96,,1111,31,,,0,107,,1112,33,,,0,57,,1113,31,,,0,136,,1115,33,,,0,295,,1116,31,,,0
201,'4616',839,,1148,31,,,0,114,,1139,31,,,0,153,,1140,33,,,0,118,,1141,31,,,0,116,,1142,33,,,0,117,,1143,31,,,0,200,,1144,33,,,0,145,,1145,31,,,0,41,,1146,31,,,0,112,,1147,31,,,0
201,'4619',1609,,1117,31,,,0,105,,1118,31,,,0,97,,1119,31,,,0,208,,1120,31,,,0,115,,1121,31,,,0,109,,1122,29,,,0
201,'4623',1609,,1123,31,,,0,105,,1124,31,,,0,97,,1125,31,,,0,208,,1126,31,,,0,115,,1127,31,,,0,109,,1128,29,,,0
201,'4931',1609,,1129,31,,,0,105,,1130,31,,,0,97,,1131,31,,,0,208,,1132,31,,,0,115,,1133,31,,,0
201,'5087',642,,1168,29,,,0,72,,1135,30,,,0,109,,1134,29,,,0,33,,1167,30,,,0,77,,1136,31,,,0,69,,1169,31,,,0,104,,1170,33,,,0,27,,1171,31,,,0,107,,1172,33,,,0,96,,1173,31,,,0,107,,1174,33,,,0,57,,1175,31,,,0,136,,1176,33,,,0,295,,1177,31,,,0
201,'5088',1609,,1178,31,,,0,105,,1179,31,,,0,97,,1180,31,,,0,208,,1181,31,,,0,115,,1182,31,,,0
201,'5274',1740,,1137,31,,,0
201,'5276',1740,,1138,31,,,0
201,'5291',1740,,1149,31,,,0
201,'5295',1740,,1150,31,,,0
400,'4614',1255,,1267,4,,,0,165,,1268,4,,,0
400,'4616',1514,,1272,4,,,0
400,'4619',1514,,1269,4,,,0
400,'4623',1514,,1270,4,,,0
400,'4931',1514,,1271,4,,,0
400,'5087',1255,,1276,4,,,0,165,,1277,4,,,0
400,'5088',1514,,1278,4,,,0
1001,'4614',739,,1307,45,,,0,105,,1311,45,,,0,188,,1308,45,,,0,504,,1312,45,,,0,270,,1309,45,,,0,48,,1310,45,,,0,179,,1313,45,,,0
1001,'4616',840,,1319,45,,,0,379,,1320,45,,,0,815,,1321,45,,,0
1001,'5087',739,,1328,45,,,0,105,,1331,45,,,0,188,,1329,45,,,0,504,,1315,45,,,0,270,,1314,45,,,0,48,,1330,45,,,0,179,,1316,45,,,0
1001,'5274',1355,,1317,45,,,0
1001,'5276',1355,,1318,45,,,0
1001,'5291',1355,,1322,45,,,0
1001,'5295',1355,,1323,45,,,0
7201,'5276',717,,1738,3,0,36,0,525,,1737,3,,,0,470,,1739,3,,,0
7201,'5291',717,,1741,3,0,36,0,525,,1740,3,,,0,470,,1742,3,,,0
7400,'5278',1611,,1743,3,,,0
7400,'5292',1611,,1744,3,,,0
7601,'5281',940,,1761,36,4,,0
7601,'5294',940,,1767,36,4,,0
24001001,'4614',2207,,1880,31,,,0
24001001,'4616',1659,,1882,31,,,0
24001001,'5087',2207,,1881,31,,,0
