4600,'4614',1047,,2201,14,0,11,0,286,,2204,14,0,11,0,305,,2200,14,0,11,0
4600,'5439',1047,,1649,14,0,11,0,286,,1652,14,0,11,0,305,,1648,14,0,11,0
4600,'5444',836,,2212,14,0,11,0,308,,2211,14,0,11,0,357,,2208,14,0,11,0,155,,2209,14,0,11,0
4600,'5446',1047,,2217,14,0,11,0,286,,2220,14,0,11,0,305,,2216,14,0,11,0
4600,'5449',836,,2228,14,0,11,0,308,,2227,14,0,11,0,357,,2224,14,0,11,0,155,,2225,14,0,11,0
4601,'4614',956,,2236,5,,,0,286,,2237,5,,,0,304,,2231,5,,,0
4601,'5439',956,,1680,5,,,0,286,,1681,5,,,0,304,,1675,5,,,0
4601,'5444',1053,,2244,5,,,0,356,,2241,5,,,0,195,,2242,5,,,0
4601,'5446',956,,2253,5,,,0,286,,2254,5,,,0,304,,2248,5,,,0
4601,'5449',1053,,2261,5,,,0,356,,2258,5,,,0,195,,2259,5,,,0
