201,'4614',621,,1104,2,0,32,0,25,,1105,2,0,32,0,110,,1103,2,0,32,0,71,,1101,2,0,32,0,75,,1106,2,0,32,0,30,,1107,2,0,32,0,99,,1108,2,0,32,0,70,,1109,2,0,32,0,101,,1110,2,0,32,0,100,,1111,2,0,32,0,103,,1112,2,0,32,0,22,,1113,2,0,32,0,175,,1115,2,0,32,0,300,,1116,2,0,32,0
201,'4616',812,,1148,2,0,32,0,110,,1139,2,0,32,0,110,,1140,2,0,32,0,120,,1141,2,0,32,0,153,,1142,2,0,32,0,120,,1143,2,0,32,0,197,,1144,2,0,32,0,110,,1145,2,0,32,0,80,,1146,2,0,32,0,115,,1147,2,0,32,0
201,'4619',1537,,1117,2,0,32,0,105,,1118,2,0,32,0,100,,1119,2,0,32,0,209,,1120,2,0,32,0,155,,1121,2,0,32,0,115,,1122,2,0,32,0
201,'4623',1537,,1123,2,0,32,0,105,,1124,2,0,32,0,100,,1125,2,0,32,0,209,,1126,2,0,32,0,155,,1127,2,0,32,0,115,,1128,2,0,32,0
201,'4931',1537,,1129,2,0,32,0,105,,1130,2,0,32,0,100,,1131,2,0,32,0,209,,1132,2,0,32,0,155,,1133,2,0,32,0
201,'5087',621,,1168,2,0,32,0,25,,1135,2,0,32,0,110,,1134,2,0,32,0,71,,1167,2,0,32,0,75,,1136,2,0,32,0,30,,1169,2,0,32,0,99,,1170,2,0,32,0,70,,1171,2,0,32,0,101,,1172,2,0,32,0,100,,1173,2,0,32,0,103,,1174,2,0,32,0,22,,1175,2,0,32,0,175,,1176,2,0,32,0,300,,1177,2,0,32,0
201,'5088',1537,,1178,2,0,32,0,105,,1179,2,0,32,0,100,,1180,2,0,32,0,209,,1181,2,0,32,0,155,,1182,2,0,32,0
201,'5274',1709,,1137,2,0,32,0
201,'5276',1709,,1138,2,0,32,0
201,'5291',1709,,1149,2,0,32,0
201,'5295',1709,,1150,2,0,32,0
401,'4614',1113,,1279,2,,,0,210,,1280,2,,,0,128,,1281,2,,,0
401,'4616',1404,,1282,2,,,0
401,'5087',1113,,1286,2,,,0,210,,1287,2,,,0,128,,1288,2,,,0
1000,'4614',848,,1289,2,,,0,497,,1291,2,,,0,266,,1290,2,,,0,237,,1292,2,,,0,196,,1293,2,,,0
1000,'4616',1025,,1300,2,,,0,497,,1301,2,,,0,327,,1302,2,,,0
1000,'5087',848,,1306,2,,,0,497,,1295,2,,,0,266,,1294,2,,,0,237,,1296,2,,,0,196,,1297,2,,,0
1000,'5274',1205,,1298,2,,,0
1000,'5276',1205,,1299,2,,,0
1000,'5291',1205,,1303,2,,,0
1000,'5295',1205,,1304,2,,,0
7200,'5276',847,,1732,7,4,,0,575,,1731,7,4,,0,420,,1733,5,4,,0
7200,'5291',847,,1735,7,4,,0,575,,1734,7,4,,0,420,,1736,5,4,,0
7401,'5278',1013,,1745,46,4,,0
7401,'5292',1013,,1746,46,4,,0
7600,'5281',1008,,1749,3,,,0
7600,'5294',1008,,1755,3,,,0
18000201,'4614',1516,,1868,2,0,32 2 33 34,0
18000201,'5087',1516,,1869,2,0,32 2 33 34,0
24001000,'4614',612,,1870,2,,,0,105,,1872,2,,,0,989,,1871,2,,,0
24001000,'4616',710,,1873,2,,,0
24001000,'5087',612,,1877,2,,,0,105,,1879,2,,,0,989,,1878,2,,,0
