4300,'4614',753,,2082,26,0,17 1 18,0,162,,2085,23,0,17 1 18,0,100,,2081,26,,,0,111,,2086,23,0,17 1 18,0,106,,2083,26,,,0,178,,2087,23,,,0,15,,2091,26,0,17 1 18,0,113,,2090,31,,,0,63,,2088,23,,,0,139,,2084,23,,,0,164,,2089,26,,,0
4300,'4619',2143,,2092,26,,,0
4300,'5439',753,,1548,26,0,17 1 18,0,162,,1551,23,0,17 1 18,0,100,,1547,26,,,0,111,,1552,23,0,17 1 18,0,106,,1549,26,,,0,178,,1553,23,,,0,15,,1557,26,0,17 1 18,0,113,,1556,26,,,0,63,,1554,23,,,0,139,,1550,23,,,0,164,,1555,26,,,0
4300,'5443',2143,,1546,26,,,0
4300,'5444',914,,2099,26,,,0,201,,2093,26,,,0,203,,2094,26,0,17 1 18,0,109,,2095,26,,,0,182,,2096,26,,,0,126,,2097,26,,,0,167,,2098,26,,,0
4300,'5446',753,,2101,26,0,17 1 18,0,162,,2104,23,0,17 1 18,0,100,,2100,26,,,0,111,,2105,23,0,17 1 18,0,106,,2102,26,,,0,178,,2106,23,,,0,15,,2110,26,0,17 1 18,0,113,,2109,26,,,0,63,,2107,23,,,0,139,,2103,23,,,0,164,,2108,26,,,0
4300,'5448',2143,,2111,26,,,0
4300,'5449',914,,2118,26,,,0,201,,2112,26,,,0,203,,2113,26,0,17 1 18,0,109,,2114,26,,,0,182,,2115,26,,,0,126,,2116,26,,,0,167,,2117,26,,,0
24004300,'4614',533,,2322,5,,,0,95,,2320,5,,,0,73,,2319,5,,,0,132,,2321,5,,,0
24004300,'5439',533,,1890,5,,,0,95,,1888,5,,,0,73,,1887,5,,,0,132,,1889,5,,,0
24004300,'5444',734,,2323,5,,,0
24004300,'5446',533,,2327,5,,,0,95,,2325,5,,,0,73,,2324,5,,,0,132,,2326,5,,,0
24004300,'5449',734,,2328,5,,,0
