2000,'4614',724,,1348,50,,,0,225,,1349,50,,,0,362,,1350,50,,,0,531,,1351,40,,,0,159,,1352,40,,,0
2000,'4616',801,,1360,49,,,0,506,,1362,49,,,0,645,,1359,41,,,0
2000,'5087',724,,1353,50,,,0,225,,1354,50,,,0,362,,1366,50,,,0,531,,1355,40,,,0,159,,1356,40,,,0
2000,'5274',820,,1357,12,,,0
2000,'5276',820,,1358,12,,,0
2000,'5291',820,,1363,12,,,0
2000,'5295',820,,1364,12,,,0
7401,'5278',1010,,1745,44,,,0
7401,'5292',1010,,1746,44,,,0
9900,'4614',727,,1820,25,,,0,88,,1821,25,,,0,115,,1822,25,,,0,182,,1823,25,,,0,223,,1824,25,,,0,311,,1825,25,,,0,98,,1826,25,,,0,89,,1827,25,,,0
9900,'4616',1014,,1831,25,,,0,344,,1832,25,,,0,479,,1833,25,,,0
9900,'5087',727,,1839,25,,,0,88,,1840,25,,,0,115,,1828,25,,,0,182,,1829,25,,,0,223,,1841,25,,,0,311,,1842,25,,,0,98,,1830,25,,,0,89,,1843,25,,,0
