201,'4614',631,,1104,15,,,0,27,,1105,15,,,0,153,,1103,15,,,0,28,,1101,15,,,0,77,,1106,16,,,0,30,,1107,16,,,0,102,,1108,18,,,0,68,,1109,16,,,0,106,,1110,18,,,0,96,,1111,16,,,0,106,,1112,18,,,0,19,,1113,16,,,0,177,,1115,18,,,0,296,,1116,16,,,0
201,'4616',825,,1148,16,,,0,111,,1139,16,,,0,113,,1140,18,,,0,158,,1141,16,,,0,116,,1142,18,,,0,117,,1143,16,,,0,200,,1144,18,,,0,106,,1145,16,,,0,80,,1146,16,,,0,114,,1147,16,,,0
201,'4619',1552,,1117,16,,,0,105,,1118,16,,,0,99,,1119,16,,,0,248,,1120,16,,,0,115,,1121,16,,,0,113,,1122,15,,,0
201,'4623',1552,,1123,16,,,0,105,,1124,16,,,0,99,,1125,16,,,0,248,,1126,16,,,0,115,,1127,16,,,0,113,,1128,15,,,0
201,'4931',1552,,1129,16,,,0,105,,1130,16,,,0,99,,1131,16,,,0,248,,1132,16,,,0,115,,1133,16,,,0
201,'5087',631,,1168,15,,,0,27,,1135,15,,,0,153,,1134,15,,,0,28,,1167,15,,,0,77,,1136,16,,,0,30,,1169,16,,,0,102,,1170,18,,,0,68,,1171,16,,,0,106,,1172,18,,,0,96,,1173,16,,,0,106,,1174,18,,,0,19,,1175,16,,,0,177,,1176,18,,,0,296,,1177,16,,,0
201,'5088',1552,,1178,16,,,0,105,,1179,16,,,0,99,,1180,16,,,0,248,,1181,16,,,0,115,,1182,16,,,0
201,'5274',1724,,1137,16,,,0
201,'5276',1724,,1138,16,,,0
201,'5291',1724,,1149,16,,,0
201,'5295',1724,,1150,16,,,0
18000201,'4614',1536,,1868,17,,,0
18000201,'5087',1536,,1869,17,,,0
