4500,'4614',612,,2191,1,,,0
4500,'5439',612,,1631,1,,,0
4500,'5446',612,,2195,1,,,0
4601,'4614',611,,2234,16,4,,0,293,,2229,18,,,0,114,,2236,23,,,0,107,,2238,18,,,0,179,,2237,23,,,0,113,,2230,18,,,0,35,,2233,18,,,0,156,,2231,23,,,0,128,,2232,18,,,0,183,,2239,18,,,0
4601,'4619',2045,,2240,18,,,0
4601,'5439',611,,1678,16,4,,0,293,,1673,18,,,0,114,,1680,23,,,0,107,,1682,18,,,0,179,,1681,23,,,0,113,,1674,18,,,0,35,,1677,18,,,0,156,,1675,23,,,0,128,,1676,18,,,0,183,,1683,18,,,0
4601,'5443',2045,,1672,18,,,0
4601,'5444',808,,2245,16,,,0,308,,2244,23,,,0,317,,2241,23,,,0,195,,2242,23,,,0,276,,2243,18,,,0
4601,'5446',611,,2251,16,4,,0,293,,2246,18,,,0,114,,2253,23,,,0,107,,2255,18,,,0,179,,2254,23,,,0,113,,2247,18,,,0,35,,2250,18,,,0,156,,2248,23,,,0,128,,2249,18,,,0,183,,2256,18,,,0
4601,'5448',2045,,2257,18,,,0
4601,'5449',808,,2262,16,,,0,308,,2261,23,,,0,317,,2258,23,,,0,195,,2259,23,,,0,276,,2260,18,,,0
