4101,'4614',755,,2049,11,,,0,92,,2051,11,,,0,384,,2052,11,,,0,215,,2050,11,,,0,166,,2053,11,,,0,143,,2054,11,,,0
4101,'5439',755,,1514,11,,,0,92,,1516,11,,,0,384,,1517,11,,,0,215,,1515,11,,,0,166,,1518,11,,,0,143,,1519,11,,,0
4101,'5444',902,,2057,11,,,0,347,,2055,11,,,0,388,,2056,11,,,0
4101,'5446',755,,2058,11,,,0,92,,2060,11,,,0,384,,2061,11,,,0,215,,2059,11,,,0,166,,2062,11,,,0,143,,2063,11,,,0
4101,'5449',902,,2066,11,,,0,347,,2064,11,,,0,388,,2065,11,,,0
4301,'4614',647,,2122,21,,,0,92,,2120,25,,,0,90,,2129,30,,,0,115,,2123,22,,,0,184,,2125,37,,,0,28,,2124,22,,,0,190,,2119,37,,,0,111,,2130,25,,,0,65,,2121,34,,,0,131,,2127,37,,,0,197,,2126,34,,,0,162,,2128,37,,,0
4301,'5439',647,,1580,21,,,0,92,,1578,25,,,0,86,,1587,25,,,0,119,,1581,22,,,0,184,,1583,37,,,0,28,,1582,22,,,0,190,,1577,37,,,0,111,,1588,25,,,0,65,,1579,34,,,0,131,,1585,37,,,0,197,,1584,34,,,0,162,,1586,37,,,0
4301,'5444',845,,2135,37,,,0,181,,2134,37,,,0,202,,2131,37,,,0,121,,2132,25,,,0,191,,2133,37,,,0
4301,'5446',647,,2139,21,,,0,92,,2137,25,,,0,86,,2146,25,,,0,119,,2140,22,,,0,184,,2142,37,,,0,28,,2141,22,,,0,190,,2136,37,,,0,111,,2147,25,,,0,65,,2138,34,,,0,131,,2144,37,,,0,197,,2143,34,,,0,162,,2145,37,,,0
4301,'5449',845,,2152,37,,,0,181,,2151,37,,,0,202,,2148,37,,,0,121,,2149,25,,,0,191,,2150,37,,,0
4401,'4614',554,,2161,36,,,0,169,,2153,26,,,0,30,,2164,26,,,0,82,,2155,26,,,0,171,,2156,9,0,22 23 16,0,136,,2157,26,,,0,73,,2163,9,0,22 23 16,0,205,,2154,26,,,0,114,,2160,26,,,0,172,,2158,9,0,22 23 16,0,30,,2159,26,,,0,88,,2162,26,,,0
4401,'4619',2005,,2165,9,0,22 23 16,0
4401,'5439',554,,1616,36,,,0,169,,1608,26,,,0,30,,1619,26,,,0,82,,1610,26,,,0,171,,1611,9,0,22 23 16,0,136,,1612,26,,,0,73,,1618,9,0,22 23 16,0,205,,1609,26,,,0,114,,1615,26,,,0,172,,1613,9,0,22 23 16,0,30,,1614,26,,,0,88,,1617,26,,,0
4401,'5443',2005,,1607,9,0,22 23 16,0
4401,'5444',845,,2168,26,,,0,196,,2170,26,,,0,179,,2169,26,,,0,320,,2166,26,,,0,167,,2167,26,,,0
4401,'5446',554,,2179,36,,,0,169,,2171,26,,,0,30,,2182,26,,,0,82,,2173,26,,,0,171,,2174,9,0,22 23 16,0,136,,2175,26,,,0,73,,2181,9,0,22 23 16,0,205,,2172,26,,,0,114,,2178,26,,,0,172,,2176,9,0,22 23 16,0,30,,2177,26,,,0,88,,2180,26,,,0
4401,'5448',2005,,2183,9,0,22 23 16,0
4401,'5449',845,,2186,26,,,0,196,,2188,26,,,0,179,,2187,26,,,0,320,,2184,26,,,0,167,,2185,26,,,0
4500,'4614',619,,2190,14,,,0,27,,2191,20,,,0,8,,2192,14,,,0,876,,2189,14,,,0
4500,'5439',619,,1630,14,,,0,27,,1631,20,,,0,8,,1632,14,,,0,876,,1629,14,,,0
4500,'5446',619,,2194,14,,,0,27,,2195,20,,,0,8,,2196,14,,,0,876,,2193,14,,,0
4600,'4614',818,,2202,18,,,0,120,,2197,18,0,11,0,118,,2201,23,0,11,0,103,,2205,18,0,11,0,183,,2204,23,0,11,0,109,,2198,18,0,11,0,77,,2199,18,0,11,0,119,,2200,23,0,11,0,162,,2203,18,0,11,0,142,,2206,18,0,11,0
4600,'4619',2117,,2207,18,0,11,0
4600,'5439',818,,1650,18,0,11,0,120,,1645,18,0,11,0,118,,1649,23,0,11,0,103,,1653,18,0,11,0,183,,1652,23,0,11,0,109,,1646,18,0,11,0,77,,1647,18,0,11,0,119,,1648,23,0,11,0,162,,1651,18,0,11,0,142,,1654,18,0,11,0
4600,'5443',2117,,1644,18,0,11,0
4600,'5444',845,,2212,23,0,11,0,308,,2211,23,0,11,0,357,,2208,23,0,11,0,195,,2209,23,0,11,0
4600,'5446',818,,2218,18,0,11,0,120,,2213,18,0,11,0,118,,2217,23,0,11,0,103,,2221,18,0,11,0,183,,2220,23,0,11,0,109,,2214,18,0,11,0,77,,2215,18,0,11,0,119,,2216,23,0,11,0,162,,2219,18,0,11,0,142,,2222,18,0,11,0
4600,'5448',2117,,2223,18,0,11,0
4600,'5449',845,,2228,23,0,11,0,308,,2227,23,0,11,0,357,,2224,23,0,11,0,195,,2225,23,0,11,0,225,,2226,9,0,11,0
9801,'4614',548,,2296,7,0,11,0,109,,2295,7,0,11,0,68,,2292,20,0,11,0,95,,2288,23,0,7 8 2 11 2 10,0,119,,2293,23,0,7 8 2 11 2 10,0,174,,2291,20,0,11,0,228,,2287,23,0,7 8 2 11 2 10,0,159,,2297,7,0,11,0,149,,2289,20,0,11,0,99,,2294,20,0,11,0,88,,2290,20,0,11,0
9801,'4619',1949,,2298,20,0,11,0
9801,'5439',548,,1814,7,0,11,0,109,,1813,7,0,11,0,68,,1810,20,0,11,0,95,,1806,23,0,7 8 2 11 2 10,0,119,,1811,23,0,7 8 2 11 2 10,0,174,,1809,20,0,11,0,228,,1805,23,0,7 8 2 11 2 10,0,159,,1815,7,0,11,0,149,,1807,20,0,11,0,99,,1812,20,0,11,0,88,,1808,20,0,11,0
9801,'5443',1949,,1804,20,0,11,0
9801,'5444',744,,2302,7,0,11,0,269,,2301,20,0,11,0,344,,2299,20,0,11,0,478,,2300,20,0,11,0
9801,'5446',548,,2312,7,0,11,0,109,,2311,7,0,11,0,68,,2308,20,0,11,0,95,,2304,23,0,7 8 2 11 2 10,0,119,,2309,23,0,7 8 2 11 2 10,0,174,,2307,20,0,11,0,228,,2303,23,0,7 8 2 11 2 10,0,159,,2313,7,0,11,0,149,,2305,20,0,11,0,99,,2310,20,0,11,0,88,,2306,20,0,11,0
9801,'5448',1949,,2314,20,0,11,0
9801,'5449',744,,2318,7,0,11,0,269,,2317,20,0,11,0,344,,2315,20,0,11,0,478,,2316,20,0,11,0
24004301,'4614',629,,2333,18,,,0,96,,2330,18,,,0,80,,2331,22,,,0,129,,2332,18,,,0,767,,2329,18,,,0
24004301,'4619',2220,,2334,14,,,0
24004301,'5439',629,,1903,18,,,0,96,,1900,18,,,0,76,,1901,18,,,0,133,,1902,18,,,0,767,,1899,18,,,0
24004301,'5443',2220,,1898,14,,,0
24004301,'5444',1709,,2336,18,,,0,126,,2335,18,,,0,167,,2337,18,,,0
24004301,'5446',629,,2342,18,,,0,96,,2339,18,,,0,76,,2340,18,,,0,133,,2341,18,,,0,767,,2338,18,,,0
24004301,'5448',2220,,2343,14,,,0
24004301,'5449',1709,,2345,18,,,0,126,,2344,18,,,0,167,,2346,18,,,0
