2000,'4614',703,,1348,40,,,0,225,,1349,40,,,0,322,,1350,40,,,0,577,,1351,31,,,0,119,,1352,31,,,0
2000,'4616',740,,1360,39,,,0,506,,1362,39,,,0,685,,1359,31,,,0
2000,'5087',703,,1353,40,,,0,225,,1354,40,,,0,322,,1366,40,,,0,577,,1355,31,,,0,119,,1356,31,,,0
2000,'5274',759,,1357,2,,,0
2000,'5276',759,,1358,2,,,0
2000,'5291',759,,1363,2,,,0
2000,'5295',759,,1364,2,,,0
7401,'5278',952,,1745,35,,,0
7401,'5292',952,,1746,35,,,0
9900,'4614',711,,1820,16,,,0,48,,1821,16,,,0,156,,1822,16,,,0,141,,1823,16,,,0,263,,1824,16,,,0,311,,1825,16,,,0,98,,1826,16,,,0,89,,1827,16,,,0
9900,'4616',958,,1831,16,,,0,384,,1832,16,,,0,479,,1833,16,,,0
9900,'5087',711,,1839,16,,,0,48,,1840,16,,,0,156,,1828,16,,,0,141,,1829,16,,,0,263,,1841,16,,,0,311,,1842,16,,,0,98,,1830,16,,,0,89,,1843,16,,,0
