4101,'4614',747,,2049,4,,,0,92,,2051,4,,,0,384,,2052,4,,,0,215,,2050,4,,,0,166,,2053,4,,,0,143,,2054,4,,,0
4101,'5439',747,,1514,4,,,0,92,,1516,4,,,0,384,,1517,4,,,0,215,,1515,4,,,0,166,,1518,4,,,0,143,,1519,4,,,0
4101,'5444',854,,2057,4,,,0,387,,2055,4,,,0,388,,2056,4,,,0
4101,'5446',747,,2058,4,,,0,92,,2060,4,,,0,384,,2061,4,,,0,215,,2059,4,,,0,166,,2062,4,,,0,143,,2063,4,,,0
4101,'5449',854,,2066,4,,,0,387,,2064,4,,,0,388,,2065,4,,,0
4601,'4614',553,,2234,4,,,0,178,,2235,4,,,0,112,,2229,4,,,0,110,,2236,4,,,0,150,,2238,4,,,0,136,,2237,4,,,0,116,,2230,4,,,0,75,,2233,4,,,0,112,,2231,4,,,0,172,,2232,4,,,0,144,,2239,4,,,0
4601,'4619',2024,,2240,4,,,0
4601,'5439',553,,1678,4,,,0,178,,1679,4,,,0,112,,1673,4,,,0,110,,1680,4,,,0,150,,1682,4,,,0,136,,1681,4,,,0,116,,1674,4,,,0,75,,1677,4,,,0,112,,1675,4,,,0,172,,1676,4,,,0,144,,1683,4,,,0
4601,'5443',2024,,1672,4,,,0
4601,'5444',750,,2245,4,,,0,300,,2244,4,,,0,356,,2241,4,,,0,195,,2242,4,,,0,242,,2243,4,,,0
4601,'5446',553,,2251,4,,,0,178,,2252,4,,,0,112,,2246,4,,,0,110,,2253,4,,,0,150,,2255,4,,,0,136,,2254,4,,,0,116,,2247,4,,,0,75,,2250,4,,,0,112,,2248,4,,,0,172,,2249,4,,,0,144,,2256,4,,,0
4601,'5448',2024,,2257,4,,,0
4601,'5449',750,,2262,4,,,0,300,,2261,4,,,0,356,,2258,4,,,0,195,,2259,4,,,0,242,,2260,4,,,0
