4301,'4614',1048,,2125,2,,,0,258,,2119,2,,,0,138,,2121,2,,,0,169,,2127,2,,,0,200,,2126,2,,,0,124,,2128,2,,,0
4301,'5439',1048,,1583,2,,,0,258,,1577,2,,,0,138,,1579,2,,,0,169,,1585,2,,,0,200,,1584,2,,,0,124,,1586,2,,,0
4301,'5444',806,,2135,2,,,0,141,,2134,2,,,0,201,,2131,2,,,0,352,,2133,2,,,0
4301,'5446',1048,,2142,2,,,0,258,,2136,2,,,0,138,,2138,2,,,0,169,,2144,2,,,0,200,,2143,2,,,0,124,,2145,2,,,0
4301,'5449',806,,2152,2,,,0,141,,2151,2,,,0,201,,2148,2,,,0,352,,2150,2,,,0
24004301,'4614',604,,2333,2,,,0,55,,2330,2,,,0,75,,2331,2,,,0,172,,2332,2,,,0,728,,2329,2,,,0
24004301,'4619',2201,,2334,3,,,0
24004301,'5439',604,,1903,2,,,0,55,,1900,2,,,0,75,,1901,2,,,0,172,,1902,2,,,0,728,,1899,2,,,0
24004301,'5443',2201,,1898,3,,,0
24004301,'5444',1641,,2336,2,,,0,166,,2335,2,,,0,127,,2337,2,,,0
24004301,'5446',604,,2342,2,,,0,55,,2339,2,,,0,75,,2340,2,,,0,172,,2341,2,,,0,728,,2338,2,,,0
24004301,'5448',2201,,2343,3,,,0
24004301,'5449',1641,,2345,2,,,0,166,,2344,2,,,0,127,,2346,2,,,0
