4301,'4614',1057,,2125,10,,,0,258,,2119,10,,,0,138,,2121,10,,,0,169,,2127,10,,,0,200,,2126,10,,,0,124,,2128,10,,,0
4301,'5439',1057,,1583,10,,,0,258,,1577,10,,,0,138,,1579,10,,,0,169,,1585,10,,,0,200,,1584,10,,,0,124,,1586,10,,,0
4301,'5444',815,,2135,10,,,0,141,,2134,10,,,0,201,,2131,10,,,0,352,,2133,10,,,0
4301,'5446',1057,,2142,10,,,0,258,,2136,10,,,0,138,,2138,10,,,0,169,,2144,10,,,0,200,,2143,10,,,0,124,,2145,10,,,0
4301,'5449',815,,2152,10,,,0,141,,2151,10,,,0,201,,2148,10,,,0,352,,2150,10,,,0
24004301,'4614',613,,2333,10,,,0,95,,2330,10,,,0,35,,2331,10,,,0,172,,2332,10,,,0,728,,2329,10,,,0
24004301,'5439',613,,1903,10,,,0,95,,1900,10,,,0,35,,1901,10,,,0,172,,1902,10,,,0,728,,1899,10,,,0
24004301,'5444',1650,,2336,10,,,0,166,,2335,10,,,0,127,,2337,10,,,0
24004301,'5446',613,,2342,10,,,0,95,,2339,10,,,0,35,,2340,10,,,0,172,,2341,10,,,0,728,,2338,10,,,0
24004301,'5449',1650,,2345,10,,,0,166,,2344,10,,,0,127,,2346,10,,,0
