4301,'4614',1054,,2125,7,,,0,258,,2119,7,,,0,138,,2121,7,,,0,169,,2127,7,,,0,200,,2126,7,,,0,124,,2128,7,,,0
4301,'5439',1054,,1583,7,,,0,258,,1577,7,,,0,138,,1579,7,,,0,169,,1585,7,,,0,200,,1584,7,,,0,124,,1586,7,,,0
4301,'5444',812,,2135,7,,,0,141,,2134,7,,,0,201,,2131,7,,,0,352,,2133,7,,,0
4301,'5446',1054,,2142,7,,,0,258,,2136,7,,,0,138,,2138,7,,,0,169,,2144,7,,,0,200,,2143,7,,,0,124,,2145,7,,,0
4301,'5449',812,,2152,7,,,0,141,,2151,7,,,0,201,,2148,7,,,0,352,,2150,7,,,0
24004301,'4614',610,,2333,7,,,0,95,,2330,7,,,0,35,,2331,7,,,0,172,,2332,7,,,0,728,,2329,7,,,0
24004301,'4619',2206,,2334,8,,,0
24004301,'5439',610,,1903,7,,,0,95,,1900,7,,,0,35,,1901,7,,,0,172,,1902,7,,,0,728,,1899,7,,,0
24004301,'5443',2206,,1898,8,,,0
24004301,'5444',1647,,2336,7,,,0,166,,2335,7,,,0,127,,2337,7,,,0
24004301,'5446',610,,2342,7,,,0,95,,2339,7,,,0,35,,2340,7,,,0,172,,2341,7,,,0,728,,2338,7,,,0
24004301,'5448',2206,,2343,8,,,0
24004301,'5449',1647,,2345,7,,,0,166,,2344,7,,,0,127,,2346,7,,,0
