3300,'4614',830,,1980,1,,,0,28,,1979,1,,,0,272,,1978,1,,,0,289,,1977,1,,,0,191,,1975,1,,,0,20,,1976,1,,,0
3300,'5087',830,,1989,1,,,0,28,,1988,1,,,0,272,,1987,1,,,0,289,,1986,1,,,0,191,,1984,1,,,0,20,,1985,1,,,0
3300,'5449',1122,,1990,1,,,0,325,,1991,1,,,0,158,,1992,1,,,0
3301,'4614',734,,1999,3,4,,0,803,,1994,3,4,,0
3301,'5087',734,,2009,3,4,,0,803,,2004,3,4,,0
3601,'4614',740,,2041,1,,,0,798,,2039,1,0,5 6,0,68,,2039,20,4,,0
3601,'5087',740,,2044,1,,,0,798,,2042,1,0,5 6,0,68,,2042,20,4,,0
9900,'4614',648,,1820,1,,,0,88,,1821,1,,,0,117,,1822,1,,,0,181,,1823,1,,,0,222,,1824,1,,,0,352,,1825,1,,,0,99,,1826,1,,,0,49,,1827,1,,,0
9900,'4616',936,,1831,1,,,0,384,,1832,1,,,0,439,,1833,1,,,0
9900,'5087',648,,1839,1,,,0,88,,1840,1,,,0,117,,1828,1,,,0,181,,1829,1,,,0,222,,1841,1,,,0,352,,1842,1,,,0,99,,1830,1,,,0,49,,1843,1,,,0
9901,'4614',639,,1844,29,4,,0,91,,1845,29,4,,0,115,,1846,29,4,,0,181,,1847,29,4,,0,222,,1848,29,4,,0,310,,1849,29,4,,0,142,,1850,29,4,,0,48,,1851,29,4,,0
9901,'4616',927,,1855,29,4,,0,384,,1856,29,4,,0,436,,1857,29,4,,0
9901,'5087',639,,1863,29,4,,0,91,,1864,29,4,,0,115,,1852,29,4,,0,181,,1853,29,4,,0,222,,1865,29,4,,0,310,,1866,29,4,,0,142,,1854,29,4,,0,48,,1867,29,4,,0
