3101,'4614',722,,1920,14,4,,0,89,,1918,1,0,13,0,34,,1918,29,4,,0,75,,1919,1,0,12 7,0,87,,1916,14,4,,0,3,,1917,1,0,13,0,32,,1917,29,4,,0,3,,1913,1,0,13,0,72,,1913,29,4,,0,32,,1915,1,0,12 7,0,87,,1914,14,4,,0,72,,1912,1,0,13,0,33,,1912,29,4,,0,88,,1911,1,0,13,0,71,,1910,1,0,13,0,2,,1911,29,4,,0,31,,1910,29,4,,0,69,,1908,1,0,13,0,33,,1908,29,4,,0,10,,1909,1,0,12 7,0,161,,1907,1,0,12 7,0
3101,'4616',913,,1948,14,4,,0,36,,1946,1,0,12 7,0,88,,1945,14,4,,0,99,,1943,1,0,12 7,0,88,,1944,14,4,,0,109,,1947,1,0,13,0,72,,1947,29,4,,0,98,,1949,1,0,12 7,0,48,,1950,14,4,,0
3201,'4614',725,,1958,1,0,14 3 15,0,91,,1958,32,4,,0,594,,1955,1,0,15,0,40,,1955,31,4,,0,87,,1954,1,0,15,0,80,,1954,31,4,,0,4,,1953,1,0,14 16,0,79,,1953,22,4,,0,29,,1951,23,4,,0,105,,1952,11,4,,0
3300,'4614',839,,1980,5,4,,0,68,,1979,5,4,,0,232,,1978,5,4,,0,289,,1977,5,4,,0,191,,1975,5,4,,0,20,,1976,5,4,,0
3300,'4616',1131,,1990,5,4,,0,325,,1991,5,4,,0,158,,1992,5,4,,0
3301,'4614',725,,1999,1,0,19 20,0,95,,1998,1,,,0,28,,1997,1,,,0,272,,1996,1,,,0,289,,1995,1,,,0,119,,1994,1,0,19 20,0,92,,1993,1,,,0
3301,'4616',1112,,2010,1,,,0,325,,2011,1,,,0,119,,2012,1,,,0
3400,'4614',647,,2021,1,,,0,75,,2021,28,4,,0,17,,2022,1,,,0,69,,2022,27,4,,0,40,,2020,1,,,0,69,,2020,27,4,,0,193,,2019,1,,,0,35,,2019,28,4,,0,199,,2018,1,,,0,62,,2018,22,4,,0,99,,2017,1,,,0,29,,2017,27,4,,0,3,,2016,1,,,0,22,,2016,22,4,,0,83,,2015,1,,,0,75,,2015,28,4,,0,15,,2013,1,,,0,22,,2013,22,4,,0,82,,2014,1,,,0,21,,2014,22,4,,0
3400,'4616',916,,2037,1,,,0,27,,2037,27,4,,0,99,,2036,1,,,0,67,,2036,27,4,,0,298,,2038,1,,,0,27,,2038,27,4,,0
3601,'4614',809,,2041,21,4,,0,430,,2040,1,,,0,67,,2040,19,4,,0
3800,'5293',958,,2046,25,,,0,450,,2045,25,,,0
9800,'4614',633,,2270,16,,,0,88,,2266,16,,,0,117,,2269,16,,,0,181,,2267,16,,,0,222,,2264,19,0,7 8 2 9 2 10,0,312,,2265,25,0,7 8 2 9 2 10,0,98,,2268,19,0,7 8 2 9 2 10,0,88,,2263,16,,,0
9800,'4616',919,,2286,16,,,0,384,,2284,16,,,0,438,,2285,16,,,0
9800,'4619',1900,,2271,16,,,0
9801,'4614',657,,2292,5,0,11,0,88,,2288,5,0,7 8 2 11 2 10,0,160,,2293,5,0,7 8 2 11 2 10,0,139,,2291,5,0,11,0,262,,2287,5,0,7 8 2 11 2 10,0,312,,2289,5,0,11,0,100,,2294,5,0,11,0,88,,2290,5,0,11,0
9801,'4616',943,,2317,5,0,11,0,384,,2315,5,0,11,0,478,,2316,5,0,11,0
9801,'4619',1921,,2298,5,0,11,0
