4300,'4614',1027,,2081,35,,,0,218,,2083,35,,,0,178,,2087,32,,,0,128,,2090,40,,,0,62,,2088,32,,,0,139,,2084,32,,,0,164,,2089,35,,,0
4300,'4619',2154,,2092,35,,,0
4300,'5439',1027,,1547,35,,,0,218,,1549,35,,,0,178,,1553,32,,,0,128,,1556,35,,,0,62,,1554,32,,,0,139,,1550,32,,,0,164,,1555,35,,,0
4300,'5443',2154,,1546,35,,,0
4300,'5444',925,,2099,35,,,0,201,,2093,35,,,0,312,,2095,35,,,0,182,,2096,35,,,0,126,,2097,35,,,0,167,,2098,35,,,0
4300,'5446',1027,,2100,35,,,0,218,,2102,35,,,0,178,,2106,32,,,0,128,,2109,35,,,0,62,,2107,32,,,0,139,,2103,32,,,0,164,,2108,35,,,0
4300,'5448',2154,,2111,35,,,0
4300,'5449',925,,2118,35,,,0,201,,2112,35,,,0,312,,2114,35,,,0,182,,2115,35,,,0,126,,2116,35,,,0,167,,2117,35,,,0
24004300,'4614',544,,2322,14,,,0,95,,2320,14,,,0,73,,2319,14,,,0,132,,2321,14,,,0
24004300,'5439',544,,1890,14,,,0,95,,1888,14,,,0,73,,1887,14,,,0,132,,1889,14,,,0
24004300,'5444',745,,2323,14,,,0
24004300,'5446',544,,2327,14,,,0,95,,2325,14,,,0,73,,2324,14,,,0,132,,2326,14,,,0
24004300,'5449',745,,2328,14,,,0
