1001,'4614',705,,1307,14,,,0,105,,1311,14,,,0,145,,1308,14,,,0,545,,1312,14,,,0,230,,1309,14,,,0,90,,1310,14,,,0,180,,1313,14,,,0
1001,'4616',805,,1319,14,,,0,336,,1320,14,,,0,859,,1321,14,,,0
1001,'5087',705,,1328,14,,,0,105,,1331,14,,,0,145,,1329,14,,,0,545,,1315,14,,,0,230,,1314,14,,,0,90,,1330,14,,,0,180,,1316,14,,,0
1001,'5274',1320,,1317,14,,,0
1001,'5276',1320,,1318,14,,,0
1001,'5291',1320,,1322,14,,,0
1001,'5295',1320,,1323,14,,,0
7601,'5281',916,,1761,18,,,0
7601,'5294',916,,1767,18,,,0
24001001,'4614',2147,,1880,13,,,0
24001001,'4616',1635,,1882,13,,,0
24001001,'5087',2147,,1881,13,,,0
