100,'4614',643,,1016,16,4,,0,109,,1015,23,4,,0,259,,1026,23,4,,0,147,,1018,30,4,,0,161,,1020,23,4,,0,10,,1027,12,4,,0,72,,1021,30,4,,0,111,,1022,30,4,,0,95,,1023,30,4,,0,112,,1028,30,4,,0,94,,1029,30,4,,0,45,,1024,30,4,,0
100,'4616',844,,1054,23,4,,0,75,,1056,23,4,,0,99,,1057,30,4,,0,127,,1058,23,4,,0,155,,1059,23,4,,0,120,,1060,23,4,,0,195,,1062,23,4,,0,108,,1063,30,4,,0,195,,1064,23,4,,0
100,'4619',1533,,1031,23,4,,0,411,,1032,23,4,,0,115,,1033,23,4,,0,153,,1034,23,4,,0,105,,1035,23,4,,0
100,'4931',1533,,1041,23,4,,0,411,,1042,23,4,,0,115,,1043,23,4,,0,153,,1044,23,4,,0
201,'4614',620,,1104,1,0,32,0,24,,1104,30,4,,0,1,,1105,1,0,32,0,110,,1103,1,0,32,0,67,,1102,1,0,38 39,0,4,,1101,1,0,32,0,33,,1101,31,4,,0,41,,1106,1,0,32,0,30,,1107,1,0,32,0,75,,1107,32,4,,0,24,,1108,1,0,32,0,30,,1109,1,0,32,0,50,,1108,34,4,,0,91,,1110,1,0,32,0,100,,1111,1,0,32,0,103,,1112,1,0,32,0,22,,1113,1,0,32,0,21,,1112,34,4,,0,154,,1115,1,0,32,0,300,,1116,1,0,32,0,34,,1116,32,4,,0
201,'4616',810,,1148,1,0,32,0,32,,1148,32,4,,0,78,,1139,1,0,32,0,110,,1140,1,0,32,0,120,,1141,1,0,32,0,153,,1142,1,0,32,0,120,,1143,1,0,32,0,197,,1144,1,0,32,0,110,,1145,1,0,32,0,75,,1145,32,4,,0,5,,1146,1,0,32,0,115,,1147,1,0,32,0,33,,1147,32,4,,0
201,'4619',1535,,1117,1,0,32,0,105,,1118,1,0,32,0,100,,1119,1,0,32,0,210,,1120,1,0,32,0,155,,1121,1,0,32,0,115,,1122,1,0,32,0
201,'4931',1535,,1129,1,0,32,0,105,,1130,1,0,32,0,100,,1131,1,0,32,0,210,,1132,1,0,32,0,155,,1133,1,0,32,0
201,'5291',1707,,1149,1,0,32,0
201,'5295',1707,,1150,1,0,32,0
301,'4614',818,,1184,19,4,,0,39,,1188,19,4,,0,200,,1190,19,4,,0,100,,1191,19,4,,0,395,,1196,19,4,,0,151,,1197,19,4,,0,128,,1195,19,4,,0
301,'4619',1636,,1199,19,4,,0,101,,1200,19,4,,0
301,'4931',1636,,1211,19,4,,0,101,,1212,19,4,,0
400,'4614',1259,,1267,5,4,,0,165,,1268,5,4,,0
400,'4616',1518,,1272,5,4,,0
401,'4614',1112,,1279,1,,,0,209,,1280,1,,,0,128,,1281,1,,,0
401,'4616',1402,,1282,1,,,0
1000,'4614',846,,1289,1,,,0,497,,1291,1,,,0,266,,1290,1,,,0,237,,1292,1,,,0,196,,1293,1,,,0
1000,'4616',1023,,1300,1,,,0,497,,1301,1,,,0,327,,1302,1,,,0
1000,'5291',1203,,1303,1,,,0
1000,'5295',1203,,1304,1,,,0
1001,'4614',1539,,1312,46,4,,0,318,,1310,46,4,,0,178,,1313,46,4,,0
1001,'4616',1222,,1320,46,4,,0,815,,1321,46,4,,0
1401,'4614',836,,1332,10,4,,0
1401,'5291',1200,,1338,10,4,,0,634,,1339,10,4,,0
1401,'5295',1200,,1340,10,4,,0,634,,1341,10,4,,0
1500,'5295',1702,,1347,6,4,,0
2000,'4614',1845,,1351,41,4,,0
2000,'4616',805,,1360,50,4,,0,506,,1362,50,4,,0,645,,1359,42,4,,0
2001,'4614',450,,1367,1,,,0,259,,1368,1,,,0,321,,1369,1,,,0,572,,1370,1,,,0,127,,1371,1,,,0
2001,'4616',523,,1380,1,,,0,492,,1381,1,,,0,490,,1378,1,,,0
2001,'5291',735,,1382,1,0,24 25,0
2001,'5295',735,,1383,1,0,24 25,0
7200,'5291',845,,1735,6,4,,0,575,,1734,6,4,,0,420,,1736,4,4,,0
7400,'5292',1614,,1744,4,,,0
7600,'5294',1006,,1755,2,,,0
9900,'4614',820,,1821,26,4,,0,831,,1825,26,4,,0
9900,'4616',1402,,1832,26,4,,0,439,,1833,26,4,,0
9901,'4614',600,,1844,1,,,0,50,,1845,1,,,0,154,,1846,1,,,0,141,,1847,1,,,0,259,,1848,1,,,0,310,,1849,1,,,0,105,,1850,1,,,0,88,,1851,1,,,0
9901,'4616',847,,1855,1,,,0,383,,1856,1,,,0,475,,1857,1,,,0
18000201,'4614',1514,,1868,1,0,32 2 33 34,0
24001000,'4614',612,,1870,1,,,0,105,,1872,1,,,0,987,,1871,1,,,0
24001000,'4616',710,,1873,1,,,0
24001001,'4614',2208,,1880,32,4,,0
24001001,'4616',1700,,1882,32,4,,0
