201,'4614',624,,1104,5,0,32,0,26,,1105,5,0,32,0,151,,1103,5,0,32,0,26,,1102,2,0,38 39,0,4,,1101,5,0,32,0,77,,1106,6,0,32,0,30,,1107,6,0,32,0,99,,1108,6,0,32,0,71,,1109,6,0,32,0,102,,1110,6,0,32,0,100,,1111,6,0,32,0,103,,1112,6,0,32,0,22,,1113,6,0,32,0,174,,1115,6,0,32,0,299,,1116,6,0,32,0
201,'4616',818,,1148,6,0,32,0,110,,1139,6,0,32,0,110,,1140,6,0,32,0,121,,1141,6,0,32,0,153,,1142,6,0,32,0,120,,1143,6,0,32,0,197,,1144,6,0,32,0,109,,1145,6,0,32,0,80,,1146,6,0,32,0,115,,1147,6,0,32,0
201,'4619',1544,,1117,6,0,32,0,105,,1118,6,0,32,0,99,,1119,6,0,32,0,209,,1120,6,0,32,0,155,,1121,6,0,32,0,113,,1122,5,0,32,0
201,'4931',1544,,1129,6,0,32,0,105,,1130,6,0,32,0,99,,1131,6,0,32,0,209,,1132,6,0,32,0,155,,1133,6,0,32,0
201,'5291',1716,,1149,6,0,32,0
201,'5295',1716,,1150,6,0,32,0
1000,'4614',854,,1289,6,,,0,499,,1291,6,,,0,265,,1290,6,,,0,236,,1292,6,,,0,196,,1293,6,,,0
1000,'4616',1031,,1300,6,,,0,498,,1301,6,,,0,326,,1302,6,,,0
1000,'5291',1213,,1303,6,,,0
1000,'5295',1213,,1304,6,,,0
7600,'5294',1013,,1755,7,,,0
18000201,'4614',1522,,1868,5,0,32 2 33 34,0
24001000,'4614',614,,1870,3,,,0,105,,1872,3,,,0,994,,1871,6,,,0
24001000,'4616',712,,1873,3,,,0
