1001,'4614',658,,1307,9,,,0,145,,1311,9,,,0,145,,1308,9,,,0,505,,1312,9,,,0,270,,1309,9,,,0,90,,1310,9,,,0,140,,1313,9,,,0
1001,'4616',758,,1319,9,,,0,376,,1320,9,,,0,819,,1321,9,,,0
1001,'5087',658,,1328,9,,,0,145,,1331,9,,,0,145,,1329,9,,,0,505,,1315,9,,,0,270,,1314,9,,,0,90,,1330,9,,,0,140,,1316,9,,,0
1001,'5274',1313,,1317,9,,,0
1001,'5276',1313,,1318,9,,,0
1001,'5291',1313,,1322,9,,,0
1001,'5295',1313,,1323,9,,,0
7601,'5281',911,,1761,14,,,0
7601,'5294',911,,1767,14,,,0
24001001,'4614',2142,,1880,9,,,0
24001001,'4616',1628,,1882,9,,,0
24001001,'5087',2142,,1881,9,,,0
