1001,'4614',651,,1307,3,,,0,105,,1311,3,,,0,185,,1308,3,,,0,505,,1312,3,,,0,270,,1309,3,,,0,90,,1310,3,,,0,140,,1313,3,,,0
1001,'4616',751,,1319,3,,,0,375,,1320,3,,,0,820,,1321,3,,,0
1001,'5087',651,,1328,3,,,0,105,,1331,3,,,0,185,,1329,3,,,0,505,,1315,3,,,0,270,,1314,3,,,0,90,,1330,3,,,0,140,,1316,3,,,0
1001,'5274',1306,,1317,3,,,0
1001,'5276',1306,,1318,3,,,0
1001,'5291',1306,,1322,3,,,0
1001,'5295',1306,,1323,3,,,0
7601,'5281',906,,1761,8,,,0
7601,'5294',906,,1767,8,,,0
24001001,'4614',2136,,1880,3,,,0
24001001,'4616',1621,,1882,3,,,0
24001001,'5087',2136,,1881,3,,,0
