4300,'4614',1511,,2090,5,,,0
4301,'4614',824,,2129,27,,,0
4401,'4614',704,,2153,5,0,21,0,13,,2153,22,,,0,17,,2164,5,0,21,0,13,,2164,22,,,0,67,,2155,5,0,21,0,15,,2155,22,,,0,171,,2156,5,0,22 23 16,0,122,,2157,5,0,21,0,13,,2157,22,,,0,73,,2163,5,0,22 23 16,0,192,,2154,5,0,21,0,13,,2154,22,,,0,97,,2160,5,0,21,0,16,,2160,22,,,0,174,,2158,5,0,22 23 16,0,17,,2159,5,0,21,0,13,,2159,22,,,0,75,,2162,5,0,21,0,13,,2162,22,,,0
4401,'4619',1959,,2165,5,0,22 23 16,0
4401,'5439',704,,1608,5,0,21,0,13,,1608,22,,,0,17,,1619,5,0,21,0,13,,1619,22,,,0,67,,1610,5,0,21,0,15,,1610,22,,,0,171,,1611,5,0,22 23 16,0,122,,1612,5,0,21,0,13,,1612,22,,,0,73,,1618,5,0,22 23 16,0,192,,1609,5,0,21,0,13,,1609,22,,,0,97,,1615,5,0,21,0,16,,1615,22,,,0,174,,1613,5,0,22 23 16,0,17,,1614,5,0,21,0,13,,1614,22,,,0,75,,1617,5,0,21,0,13,,1617,22,,,0
4401,'5443',1959,,1607,5,0,22 23 16,0
4401,'5444',827,,2168,5,0,21,0,13,,2168,22,,,0,183,,2170,5,0,21,0,13,,2170,22,,,0,166,,2169,5,0,21,0,13,,2169,22,,,0,307,,2166,5,0,21,0,13,,2166,22,,,0,114,,2167,5,0,21,0,53,,2167,22,,,0
4401,'5446',704,,2171,5,0,21,0,13,,2171,22,,,0,17,,2182,5,0,21,0,13,,2182,22,,,0,67,,2173,5,0,21,0,15,,2173,22,,,0,171,,2174,5,0,22 23 16,0,122,,2175,5,0,21,0,13,,2175,22,,,0,73,,2181,5,0,22 23 16,0,192,,2172,5,0,21,0,13,,2172,22,,,0,97,,2178,5,0,21,0,16,,2178,22,,,0,174,,2176,5,0,22 23 16,0,17,,2177,5,0,21,0,13,,2177,22,,,0,75,,2180,5,0,21,0,13,,2180,22,,,0
4401,'5448',1959,,2183,5,0,22 23 16,0
4401,'5449',827,,2186,5,0,21,0,13,,2186,22,,,0,183,,2188,5,0,21,0,13,,2188,22,,,0,166,,2187,5,0,21,0,13,,2187,22,,,0,307,,2184,5,0,21,0,13,,2184,22,,,0,114,,2185,5,0,21,0,53,,2185,22,,,0
9800,'4614',1515,,2265,5,0,7 8 2 9 2 10,0
9800,'5439',1515,,1783,5,0,7 8 2 9 2 10,0
9800,'5446',1515,,2277,5,0,7 8 2 9 2 10,0
9801,'4614',828,,2288,28,,,0
9801,'5439',828,,1806,28,,,0
9801,'5446',828,,2304,28,,,0
24004301,'4614',800,,2331,19,,,0
