3101,'4614',816,,1918,5,0,13,0,109,,1919,5,0,12 7,0,90,,1917,5,0,13,0,35,,1913,5,0,13,0,104,,1915,5,0,12 7,0,159,,1912,5,0,13,0,121,,1911,5,0,13,0,71,,1910,5,0,13,0,102,,1908,5,0,13,0,43,,1909,5,0,12 7,0,161,,1907,5,0,12 7,0
3101,'5439',816,,1411,5,0,13,0,109,,1412,5,0,12 7,0,90,,1410,5,0,13,0,35,,1406,5,0,13,0,104,,1408,5,0,12 7,0,159,,1405,5,0,13,0,121,,1404,5,0,13,0,71,,1403,5,0,13,0,102,,1401,5,0,13,0,43,,1402,5,0,12 7,0,151,,1400,5,0,12 7,0
3101,'5444',954,,1924,5,0,12 7,0,187,,1921,5,0,12 7,0,197,,1925,5,0,13,0,170,,1927,5,0,12 7,0
3101,'5446',816,,1940,5,0,13,0,109,,1941,5,0,12 7,0,90,,1939,5,0,13,0,35,,1935,5,0,13,0,104,,1937,5,0,12 7,0,159,,1934,5,0,13,0,121,,1933,5,0,13,0,71,,1932,5,0,13,0,102,,1930,5,0,13,0,43,,1931,5,0,12 7,0,161,,1929,5,0,12 7,0
3101,'5449',954,,1946,5,0,12 7,0,187,,1943,5,0,12 7,0,197,,1947,5,0,13,0,170,,1949,5,0,12 7,0
3201,'4614',729,,1958,5,0,14 3 15,0,685,,1955,5,0,15,0,127,,1954,5,0,15,0,84,,1953,5,0,14 16,0
3201,'5439',729,,1438,5,0,14 3 15,0,685,,1435,5,0,15,0,127,,1434,5,0,15,0,84,,1433,5,0,14 16,0
3201,'5446',729,,1970,5,0,14 3 15,0,685,,1967,5,0,15,0,127,,1966,5,0,15,0,84,,1965,5,0,14 16,0
3800,'5293',1002,,2046,27,,,0,410,,2045,27,,,0
3800,'5440',1002,,1505,27,,,0,410,,1504,27,,,0
3800,'5447',1002,,2048,27,,,0,410,,2047,27,,,0
