4301,'4614',1049,,2125,3,,,0,258,,2119,3,,,0,138,,2121,3,,,0,169,,2127,3,,,0,200,,2126,3,,,0,124,,2128,3,,,0
4301,'5439',1049,,1583,3,,,0,258,,1577,3,,,0,138,,1579,3,,,0,169,,1585,3,,,0,200,,1584,3,,,0,124,,1586,3,,,0
4301,'5444',807,,2135,3,,,0,141,,2134,3,,,0,201,,2131,3,,,0,352,,2133,3,,,0
4301,'5446',1049,,2142,3,,,0,258,,2136,3,,,0,138,,2138,3,,,0,169,,2144,3,,,0,200,,2143,3,,,0,124,,2145,3,,,0
4301,'5449',807,,2152,3,,,0,141,,2151,3,,,0,201,,2148,3,,,0,352,,2150,3,,,0
24004301,'4614',605,,2333,3,,,0,95,,2330,3,,,0,35,,2331,3,,,0,172,,2332,3,,,0,728,,2329,3,,,0
24004301,'4619',2201,,2334,4,,,0
24004301,'5439',605,,1903,3,,,0,95,,1900,3,,,0,35,,1901,3,,,0,172,,1902,3,,,0,728,,1899,3,,,0
24004301,'5443',2201,,1898,4,,,0
24004301,'5444',1642,,2336,3,,,0,166,,2335,3,,,0,127,,2337,3,,,0
24004301,'5446',605,,2342,3,,,0,95,,2339,3,,,0,35,,2340,3,,,0,172,,2341,3,,,0,728,,2338,3,,,0
24004301,'5448',2201,,2343,4,,,0
24004301,'5449',1642,,2345,3,,,0,166,,2344,3,,,0,127,,2346,3,,,0
