201,'4614',710,,1105,28,,,0,141,,1101,28,,,0,77,,1106,29,,,0,29,,1107,29,,,0,143,,1108,31,,,0,28,,1109,29,,,0,107,,1110,31,,,0,96,,1111,29,,,0,106,,1112,31,,,0,18,,1113,29,,,0,176,,1115,31,,,0,296,,1116,29,,,0
201,'4616',835,,1148,29,,,0,113,,1139,29,,,0,153,,1140,31,,,0,118,,1141,29,,,0,116,,1142,31,,,0,117,,1143,29,,,0,200,,1144,31,,,0,106,,1145,29,,,0,80,,1146,29,,,0,113,,1147,29,,,0
201,'4619',1604,,1117,29,,,0,105,,1118,29,,,0,98,,1119,29,,,0,208,,1120,29,,,0,115,,1121,29,,,0
201,'4931',1604,,1129,29,,,0,105,,1130,29,,,0,98,,1131,29,,,0,208,,1132,29,,,0,115,,1133,29,,,0
201,'5291',1735,,1149,29,,,0
201,'5295',1735,,1150,29,,,0
1001,'4614',734,,1307,43,,,0,105,,1311,43,,,0,188,,1308,43,,,0,503,,1312,43,,,0,271,,1309,43,,,0,49,,1310,43,,,0,179,,1313,43,,,0
1001,'4616',835,,1319,43,,,0,378,,1320,43,,,0,817,,1321,43,,,0
1001,'5291',1350,,1322,43,,,0
1001,'5295',1350,,1323,43,,,0
7200,'5291',852,,1735,10,4,,0,576,,1734,10,4,,0,419,,1736,8,4,,0
7201,'5291',712,,1741,1,0,36,0,525,,1740,1,,,0,469,,1742,1,,,0
7601,'5294',935,,1767,34,4,,0
