4300,'4614',755,,2082,27,0,17 1 18,0,162,,2085,24,0,17 1 18,0,100,,2081,27,,,0,111,,2086,24,0,17 1 18,0,106,,2083,27,,,0,178,,2087,24,,,0,15,,2091,27,0,17 1 18,0,113,,2090,32,,,0,63,,2088,24,,,0,139,,2084,24,,,0,164,,2089,27,,,0
4300,'4619',2145,,2092,27,,,0
4300,'5439',755,,1548,27,0,17 1 18,0,162,,1551,24,0,17 1 18,0,100,,1547,27,,,0,111,,1552,24,0,17 1 18,0,106,,1549,27,,,0,178,,1553,24,,,0,15,,1557,27,0,17 1 18,0,113,,1556,27,,,0,63,,1554,24,,,0,139,,1550,24,,,0,164,,1555,27,,,0
4300,'5443',2145,,1546,27,,,0
4300,'5444',916,,2099,27,,,0,201,,2093,27,,,0,203,,2094,27,0,17 1 18,0,109,,2095,27,,,0,182,,2096,27,,,0,126,,2097,27,,,0,167,,2098,27,,,0
4300,'5446',755,,2101,27,0,17 1 18,0,162,,2104,24,0,17 1 18,0,100,,2100,27,,,0,111,,2105,24,0,17 1 18,0,106,,2102,27,,,0,178,,2106,24,,,0,15,,2110,27,0,17 1 18,0,113,,2109,27,,,0,63,,2107,24,,,0,139,,2103,24,,,0,164,,2108,27,,,0
4300,'5448',2145,,2111,27,,,0
4300,'5449',916,,2118,27,,,0,201,,2112,27,,,0,203,,2113,27,0,17 1 18,0,109,,2114,27,,,0,182,,2115,27,,,0,126,,2116,27,,,0,167,,2117,27,,,0
24004300,'4614',535,,2322,6,,,0,95,,2320,6,,,0,73,,2319,6,,,0,132,,2321,6,,,0
24004300,'5439',535,,1890,6,,,0,95,,1888,6,,,0,73,,1887,6,,,0,132,,1889,6,,,0
24004300,'5444',736,,2323,6,,,0
24004300,'5446',535,,2327,6,,,0,95,,2325,6,,,0,73,,2324,6,,,0,132,,2326,6,,,0
24004300,'5449',736,,2328,6,,,0
