4300,'4614',1026,,2081,33,,,0,217,,2083,33,,,0,178,,2087,30,,,0,128,,2090,38,,,0,63,,2088,30,,,0,139,,2084,30,,,0,164,,2089,33,,,0
4300,'4619',2153,,2092,33,,,0
4300,'5439',1026,,1547,33,,,0,217,,1549,33,,,0,178,,1553,30,,,0,128,,1556,33,,,0,63,,1554,30,,,0,139,,1550,30,,,0,164,,1555,33,,,0
4300,'5443',2153,,1546,33,,,0
4300,'5444',924,,2099,33,,,0,201,,2093,33,,,0,312,,2095,33,,,0,182,,2096,33,,,0,126,,2097,33,,,0,167,,2098,33,,,0
4300,'5446',1026,,2100,33,,,0,217,,2102,33,,,0,178,,2106,30,,,0,128,,2109,33,,,0,63,,2107,30,,,0,139,,2103,30,,,0,164,,2108,33,,,0
4300,'5448',2153,,2111,33,,,0
4300,'5449',924,,2118,33,,,0,201,,2112,33,,,0,312,,2114,33,,,0,182,,2115,33,,,0,126,,2116,33,,,0,167,,2117,33,,,0
24004300,'4614',543,,2322,12,,,0,95,,2320,12,,,0,73,,2319,12,,,0,132,,2321,12,,,0
24004300,'5439',543,,1890,12,,,0,95,,1888,12,,,0,73,,1887,12,,,0,132,,1889,12,,,0
24004300,'5444',744,,2323,12,,,0
24004300,'5446',543,,2327,12,,,0,95,,2325,12,,,0,73,,2324,12,,,0,132,,2326,12,,,0
24004300,'5449',744,,2328,12,,,0
