4600,'4614',1049,,2201,17,0,11,0,286,,2204,17,0,11,0,305,,2200,17,0,11,0
4600,'5439',1049,,1649,17,0,11,0,286,,1652,17,0,11,0,305,,1648,17,0,11,0
4600,'5444',838,,2212,17,0,11,0,308,,2211,17,0,11,0,357,,2208,17,0,11,0,155,,2209,17,0,11,0
4600,'5446',1049,,2217,17,0,11,0,286,,2220,17,0,11,0,305,,2216,17,0,11,0
4600,'5449',838,,2228,17,0,11,0,308,,2227,17,0,11,0,357,,2224,17,0,11,0,155,,2225,17,0,11,0
4601,'4614',958,,2236,8,,,0,286,,2237,8,,,0,304,,2231,8,,,0
4601,'5439',958,,1680,8,,,0,286,,1681,8,,,0,304,,1675,8,,,0
4601,'5444',1055,,2244,8,,,0,356,,2241,8,,,0,195,,2242,8,,,0
4601,'5446',958,,2253,8,,,0,286,,2254,8,,,0,304,,2248,8,,,0
4601,'5449',1055,,2261,8,,,0,356,,2258,8,,,0,195,,2259,8,,,0
