201,'4614',636,,1104,23,,,0,68,,1105,23,,,0,113,,1103,23,,,0,28,,1101,23,,,0,77,,1106,24,,,0,29,,1107,24,,,0,103,,1108,26,,,0,68,,1109,24,,,0,106,,1110,26,,,0,96,,1111,24,,,0,106,,1112,26,,,0,19,,1113,24,,,0,176,,1115,26,,,0,296,,1116,24,,,0
201,'4616',830,,1148,24,,,0,112,,1139,24,,,0,113,,1140,26,,,0,158,,1141,24,,,0,116,,1142,26,,,0,117,,1143,24,,,0,200,,1144,26,,,0,106,,1145,24,,,0,80,,1146,24,,,0,113,,1147,24,,,0
201,'4619',1558,,1117,24,,,0,145,,1118,24,,,0,98,,1119,24,,,0,208,,1120,24,,,0,115,,1121,24,,,0,113,,1122,23,,,0
201,'4931',1558,,1129,24,,,0,145,,1130,24,,,0,98,,1131,24,,,0,208,,1132,24,,,0,115,,1133,24,,,0
201,'5291',1729,,1149,24,,,0
201,'5295',1729,,1150,24,,,0
1001,'4614',729,,1307,38,,,0,105,,1311,38,,,0,187,,1308,38,,,0,503,,1312,38,,,0,231,,1309,38,,,0,89,,1310,38,,,0,179,,1313,38,,,0
1001,'4616',829,,1319,38,,,0,378,,1320,38,,,0,817,,1321,38,,,0
1001,'5291',1344,,1322,38,,,0
1001,'5295',1344,,1323,38,,,0
