1001,'4614',721,,1307,30,,,0,105,,1311,30,,,0,186,,1308,30,,,0,504,,1312,30,,,0,231,,1309,30,,,0,89,,1310,30,,,0,179,,1313,30,,,0
1001,'4616',821,,1319,30,,,0,337,,1320,30,,,0,858,,1321,30,,,0
1001,'5087',721,,1328,30,,,0,105,,1331,30,,,0,186,,1329,30,,,0,504,,1315,30,,,0,231,,1314,30,,,0,89,,1330,30,,,0,179,,1316,30,,,0
1001,'5274',1336,,1317,30,,,0
1001,'5276',1336,,1318,30,,,0
1001,'5291',1336,,1322,30,,,0
1001,'5295',1336,,1323,30,,,0
7601,'5281',929,,1761,29,,,0
7601,'5294',929,,1767,29,,,0
24001001,'4614',2201,,1880,24,,,0
24001001,'4616',1651,,1882,24,,,0
24001001,'5087',2201,,1881,24,,,0
