4600,'4614',1048,,2201,15,0,11,0,286,,2204,15,0,11,0,305,,2200,15,0,11,0
4600,'5439',1048,,1649,15,0,11,0,286,,1652,15,0,11,0,305,,1648,15,0,11,0
4600,'5444',837,,2212,15,0,11,0,308,,2211,15,0,11,0,357,,2208,15,0,11,0,155,,2209,15,0,11,0
4600,'5446',1048,,2217,15,0,11,0,286,,2220,15,0,11,0,305,,2216,15,0,11,0
4600,'5449',837,,2228,15,0,11,0,308,,2227,15,0,11,0,357,,2224,15,0,11,0,155,,2225,15,0,11,0
4601,'4614',956,,2236,6,,,0,286,,2237,6,,,0,304,,2231,6,,,0
4601,'5439',956,,1680,6,,,0,286,,1681,6,,,0,304,,1675,6,,,0
4601,'5444',1054,,2244,6,,,0,356,,2241,6,,,0,195,,2242,6,,,0
4601,'5446',956,,2253,6,,,0,286,,2254,6,,,0,304,,2248,6,,,0
4601,'5449',1054,,2261,6,,,0,356,,2258,6,,,0,195,,2259,6,,,0
