201,'4614',625,,1104,6,0,32,0,26,,1105,6,0,32,0,152,,1103,6,0,32,0,17,,1103,27,,,0,8,,1102,3,0,38 39,0,4,,1101,6,0,32,0,77,,1106,7,0,32,0,30,,1107,7,0,32,0,99,,1108,7,0,32,0,71,,1109,7,0,32,0,103,,1110,7,0,32,0,99,,1111,7,0,32,0,103,,1112,7,0,32,0,22,,1113,7,0,32,0,174,,1115,7,0,32,0,299,,1116,7,0,32,0
201,'4616',819,,1148,7,0,32,0,110,,1139,7,0,32,0,110,,1140,7,0,32,0,161,,1141,7,0,32,0,113,,1142,7,0,32,0,120,,1143,7,0,32,0,197,,1144,7,0,32,0,109,,1145,7,0,32,0,80,,1146,7,0,32,0,115,,1147,7,0,32,0
201,'4619',1545,,1117,7,0,32,0,105,,1118,7,0,32,0,99,,1119,7,0,32,0,209,,1120,7,0,32,0,155,,1121,7,0,32,0,113,,1122,6,0,32,0
201,'4623',1545,,1123,7,0,32,0,105,,1124,7,0,32,0,99,,1125,7,0,32,0,209,,1126,7,0,32,0,155,,1127,7,0,32,0,113,,1128,6,0,32,0
201,'4931',1545,,1129,7,0,32,0,105,,1130,7,0,32,0,99,,1131,7,0,32,0,209,,1132,7,0,32,0,155,,1133,7,0,32,0
201,'5087',625,,1168,6,0,32,0,26,,1135,6,0,32,0,152,,1134,6,0,32,0,29,,1167,6,0,32,0,77,,1136,7,0,32,0,30,,1169,7,0,32,0,99,,1170,7,0,32,0,71,,1171,7,0,32,0,103,,1172,7,0,32,0,99,,1173,7,0,32,0,103,,1174,7,0,32,0,22,,1175,7,0,32,0,174,,1176,7,0,32,0,299,,1177,7,0,32,0
201,'5088',1545,,1178,7,0,32,0,105,,1179,7,0,32,0,99,,1180,7,0,32,0,209,,1181,7,0,32,0,155,,1182,7,0,32,0
201,'5274',1717,,1137,7,0,32,0
201,'5276',1717,,1138,7,0,32,0
201,'5291',1717,,1149,7,0,32,0
201,'5295',1717,,1150,7,0,32,0
7600,'5281',1014,,1749,8,,,0
7600,'5294',1014,,1755,8,,,0
24001000,'4614',614,,1870,4,,,0,105,,1872,4,,,0,995,,1871,7,,,0
24001000,'4616',712,,1873,4,,,0
24001000,'5087',614,,1877,4,,,0,105,,1879,4,,,0,995,,1878,7,,,0
