100,'4614',840,,1017,6,0,29,0,282,,1019,6,0,29 2 35 23,0,20,,1018,6,0,29,0,203,,1021,6,0,29,0,110,,1022,6,0,29,0,96,,1023,6,0,29,0,152,,1028,6,0,29,0,54,,1029,6,0,29,0,85,,1024,6,0,29,0
100,'4616',1003,,1057,6,0,29,0,705,,1063,6,0,29,0
100,'4619',1522,,1031,6,0,29 2 35 23,0
100,'4931',1522,,1041,6,0,29 2 35 23,0
100,'5291',1052,,1066,6,0,29,0
100,'5295',1052,,1068,6,0,29,0
301,'4614',634,,1187,20,,,0,102,,1186,20,,,0,70,,1183,20,,,0,110,,1198,20,,,0,39,,1189,20,,,0,348,,1192,20,,,0
301,'4616',829,,1222,20,,,0,75,,1224,20,,,0,136,,1223,20,,,0,90,,1226,20,,,0,115,,1225,20,,,0,160,,1227,20,,,0,120,,1228,20,,,0,75,,1229,20,,,0,303,,1230,20,,,0
301,'4619',1929,,1201,20,,,0,115,,1202,20,,,0,114,,1203,20,,,0,145,,1204,20,,,0
301,'4931',1929,,1213,20,,,0,115,,1214,20,,,0,114,,1215,20,,,0
301,'5291',1025,,1231,20,,,0
301,'5295',1025,,1232,20,,,0
